atlas/src/main/webapp/resources/data/climatologia/asm-vsm.json
{"header": {"discipline":0,"disciplineName":"Meteorological products","gribEdition":2,"gribLength":33856,"center":98,"centerName":"INPE-Brazil","subcenter":0,"refTime":"2020-10-23T09:00:00.000Z","significanceOfRT":0,"productStatus":0,"productType":2,"productDefinitionTemplate":0,"parameterCategory":2,"parameterNumber":3,"parameterNumberName":"V-component_of_wind","parameterUnit":"m.s-1","genProcessType":0,"forecastTime":0,"surface1Type":1,"surface1Value":0,"surface2Type":255,"surface2Value":0,"numberPoints":4026,"shape":0,"gridUnits":"degrees","resolution":48,"winds":"true","scanMode":64,"nx":92,"ny":92,"basicAngle":0,"lo1":244,"la1":-56,"lo2":335,"la2":35,"dx":1,"dy":1}, "data":
[rows 40 to 79 of 92, columns 0 to 89 of 92]
4.9,2.7,1.6,2.7,3.4,4,3.5,3.9,4.9,5.1,3.8,4.3,4.2,4.3,4.1,4.5,4.9,4.5,5,4.3,4.2,4.2,4.3,4.7,4.6,4.2,4.4,4.8,5.4,4.6,4.1,5,6.9,6.5,7.1,null,null,null,null,null,null,null,null,null,null,null,null,null,null,null,null,null,null,null,null,null,null,null,null,null,null,null,null,null,null,null,null,null,null,null,null,null,null,null,null,null,null,null,null,0.62,3.5,2.2,1.8,2.9,2.7,2.9,2.6,1.5,2.5,2.2
3,3.8,2,2.5,3.3,3.5,3.6,4.7,4.1,4,4.1,5.1,4.1,5.1,3.8,4.4,4.3,4.8,4.8,5.1,5.5,5,4.5,4.3,4.8,4.7,4.6,5.1,5.6,5.3,5,5,6.1,6.1,4.8,null,null,null,null,null,null,null,null,null,null,null,null,null,null,null,null,null,null,null,null,null,null,null,null,null,null,null,null,null,null,null,null,null,null,null,null,null,null,null,null,null,null,null,null,null,null,5.9,1.9,1.7,3,2.8,2.3,2,1.3,1.8
null,2.6,3,2.7,4.7,3.5,3.1,3.9,2.5,3.4,4,4.7,4.2,5.4,4.5,5,5.3,5.6,5.4,5.5,5.6,4.8,4.5,4.8,4.9,5.1,5.6,4.8,5.7,6.1,6.3,6.5,6.8,6.4,6.4,6.9,null,null,null,null,null,null,null,null,null,null,null,null,null,null,null,null,null,null,null,null,null,null,null,null,null,null,null,null,null,null,null,null,null,null,null,null,null,null,null,null,null,null,null,null,null,null,4.3,2.4,1.8,2.4,2.6,2.2,1.5,1.4
null,5.4,4.2,3.5,2.8,2.9,3.8,2.5,3.2,4,5.3,5.3,4.5,5.2,4.6,5.2,5.4,5.5,5.6,5.3,5.1,5.4,4.7,5.8,5.3,5.5,6.1,5.5,5.8,5.6,5.9,6.2,6.9,6.7,6.3,6.5,6.3,null,null,null,null,null,null,null,null,null,null,null,null,null,null,null,null,null,null,null,null,null,null,null,null,null,null,null,null,null,null,null,null,null,null,null,null,null,null,null,null,null,null,null,null,null,3.9,2.3,3.8,3.9,3.2,2.8,2.2,2
null,3.9,2.7,2.8,4,4.6,3.6,4.2,4.1,4,5,5.2,4.3,5.2,4.7,4.9,4.4,5.3,5.5,6,5.3,4.8,4.8,5.2,5.6,5,5.8,5.8,5.6,6.6,6.7,6.5,7.4,7,7.3,6.8,7.6,6.3,null,null,null,null,null,null,null,null,null,null,null,null,null,null,null,null,null,null,null,null,null,null,null,null,null,null,null,null,null,null,null,null,null,null,null,null,null,null,null,null,null,null,null,4,3.3,5.3,4.9,3.9,3.9,3.6,3,2.1
null,3.4,3.7,3.1,3.5,2.7,3.1,4.2,4.4,4.4,5.1,4.8,4.4,4.9,4.8,4.4,4.6,4.7,5.6,5.5,5.8,5.3,4.9,5.3,4.7,5.4,5.9,6,6.6,7.2,7.6,7.3,7.6,7.4,7.8,6.2,8.6,8.6,null,null,null,null,null,null,null,null,null,null,null,null,null,null,null,null,null,null,null,null,null,null,null,null,null,null,null,null,null,null,null,null,null,null,null,null,null,null,null,null,null,null,2.6,2.9,3.1,3.4,4.6,4.1,4.2,3.8,2.7,1.9
null,null,3.4,3.1,3.2,3,3.6,4,3.2,3.1,4.6,5.7,4.3,4.6,4.8,3.9,3.8,3.8,4,4.8,5.7,5,4.6,4.3,4.9,5.1,5.6,6.7,6.6,7,7.5,7.5,7.3,7.7,7.4,6.9,7.3,8.1,4.6,null,null,null,null,null,null,null,null,null,null,null,null,null,null,null,null,null,null,null,null,null,null,null,null,null,null,null,null,null,null,null,null,null,null,null,null,null,null,null,null,5.1,4.8,2.8,3.1,2.2,2.2,4,3.5,3.3,2.5,2.3
null,null,1.6,1.6,2.6,2.3,3.1,3.2,3.7,2.7,2.6,3.7,4.8,4.3,4.2,3.4,3.4,3.3,3.6,3.8,4.8,4.8,4.3,4.5,4.9,5.1,5.7,6,6.4,6.4,6.9,7.3,7.1,7.8,7.2,6.5,6.6,8.1,5.3,null,null,null,null,null,null,null,null,null,null,null,null,null,null,null,null,null,null,null,null,null,null,null,null,null,null,null,null,null,null,null,null,null,null,null,null,null,null,null,null,3.3,4.1,4.5,4.3,3.6,2.7,2.5,2.3,2.7,2.6,1.9
null,null,2.3,0.85,2.1,1.6,2.8,2.7,3.2,1.8,1.5,1.7,3.8,4,4.8,4.5,3.1,3.5,3.7,4.1,4,4.7,4.2,4.2,4.7,5,4.9,6,6.1,6.5,6.9,6.6,6.2,6.8,6.9,6.8,6.8,8.6,8.6,8.6,null,null,null,null,null,null,null,null,null,null,null,null,null,null,null,null,null,null,null,null,null,null,null,null,null,null,null,null,null,null,null,null,null,null,null,null,null,null,1.6,1.8,2,3.6,3.7,4.4,3.5,2.7,1.8,3.3,2.6,2.2
null,null,2,2.1,2,2.9,2.7,2.5,2.6,0.95,3.6,2.4,2.3,3.3,3.6,2.6,2.8,3,3.2,3.3,3.7,3.8,4,3.8,3.9,4.5,4.8,5.7,5.9,6.2,6.8,6.7,6.6,6.9,7.2,7.2,6.2,7.5,9.1,8,null,null,null,null,null,null,null,null,null,null,null,null,null,null,null,null,null,null,null,null,null,null,null,null,null,null,null,null,null,null,null,null,null,null,null,null,null,null,0.81,1.4,1.5,2.8,2.1,2.2,1.9,2.4,1.7,3.1,2.6,2.1
null,null,null,2,2.7,1.6,2.9,2.1,2.9,1.8,2.5,1.8,2.7,2.4,3.3,3.3,2.9,2.4,3,3.3,3.7,3.5,3.5,3.8,4.8,4.5,4.9,5.3,6.3,6.3,6.6,6.8,6.3,6.3,6.6,7.3,6.5,6.4,8.5,9.1,6.2,null,null,null,null,null,null,null,null,null,null,null,null,null,null,null,null,null,null,null,null,null,null,null,null,null,null,null,null,null,null,null,null,null,null,null,null,null,-0.17,1.1,1.3,1.2,2,3.4,2.7,3.1,2.7,2.9,2.3,1.6
null,null,null,1.2,1.8,2,2.5,2.5,2.8,2.8,2.3,0.76,2.1,2.4,2.8,2,2.2,2.9,2.5,2.7,3.1,2.9,3.1,3.4,3.6,4.7,4.8,5,5.3,5.8,6.2,6.2,6.4,6.2,7.1,7.1,6.6,6,6.6,7.7,7.3,5.4,3.6,null,null,null,null,null,null,null,null,null,null,null,null,null,null,null,null,null,null,null,null,null,null,null,null,null,null,null,null,null,null,null,null,null,null,null,1.5,1.3,1,1,2.2,2.3,1.4,3.7,2.8,1.6,1.5,1.4
null,null,null,0.16,-0.28,0.12,0.74,0.82,1.9,2.2,2.6,2,1.5,1.9,3.3,3.3,2.1,1.5,1.7,2.3,2.1,2.6,2.7,2.9,3,3.8,4.1,4.5,5.1,6.2,6.5,6.2,6.5,6.3,6.4,6.3,6.3,5.7,5.6,5.9,7.2,7.3,5.9,5.6,2.3,null,null,null,null,null,null,null,null,null,null,null,null,null,null,null,null,null,null,null,null,null,null,null,null,null,null,null,null,null,null,null,null,null,2.6,2.4,2.5,1.7,3.1,3.1,1.6,2.2,2.5,2.1,0.83,0.6
null,null,null,0.72,0.14,1.4,2.4,1.9,1.8,0.59,0.36,0.99,1,1.8,2.8,3.1,2.3,2.2,1.7,2.2,3.2,2,2.1,2.4,2,3.7,4.3,4.4,5.1,5.5,5.6,5.7,6.1,5.9,7,6.2,6.5,6.3,5.7,5.6,5.8,5.3,6.3,6.3,5.4,2.3,null,null,null,null,null,null,null,null,null,null,null,null,null,null,null,null,null,null,null,null,null,null,null,null,null,null,null,null,null,null,null,5,4.4,4,2.1,1.2,1.4,3,3.2,3.4,2,2.8,0.96,-1.6
null,null,null,null,-0.045,1.4,1.5,2.7,2.7,1.4,1.4,1.4,0.92,1.9,2.5,2.7,2,1.6,1.6,2.8,2.8,2.9,2.9,2.7,2.1,3.5,3.8,4,4.3,4.5,4.9,5.4,5,5.4,6.8,6.6,6.4,5.8,6.4,6.4,5.6,5.4,5.2,4.9,2.8,4.6,null,null,null,null,null,null,null,null,null,null,null,null,null,null,null,null,null,null,null,null,null,null,null,null,null,null,null,null,null,null,null,5.8,4.8,4,5,5,2.8,2.1,2.4,1.8,2.7,3,2.4,-1.4
0.63,null,null,null,-0.46,1.2,0.72,0.9,0.88,1.5,1.5,1.1,2.1,4,3.1,1.9,2.1,1.1,0.65,2.1,3,2.4,3.7,2.3,2.1,2.5,3.5,3.8,4.2,4.3,5,5.4,5.5,5.1,6.1,6.8,7.2,6.5,6.5,6.4,6.7,6,5.4,5.4,3.1,2.4,null,null,null,null,null,null,null,null,null,null,null,null,null,null,null,null,null,null,null,null,null,null,null,null,null,null,null,null,null,null,null,6.9,6.6,5.2,5.9,5.7,4.6,3,2.9,2,0.9,1.1,2.2,-0.68
0.71,null,null,null,-1.1,0.25,0.72,1.5,1.1,0.36,-0.037,0.32,1.5,2.9,3,2.3,2.4,2.1,0.92,1.2,2.4,2.3,2.4,2.5,2,2.8,3.1,3.7,3.4,3.8,4.4,4.2,5.1,5.5,5.3,6.6,7,7,7.6,7,6.7,6.3,5.3,6,4.4,2.7,null,null,null,null,null,null,null,null,null,null,null,null,null,null,null,null,null,null,null,null,null,null,null,null,null,null,null,null,null,null,5,5.1,5.4,5.8,6.1,5.9,5.5,4.9,3.2,2.4,0.42,-0.9,-0.41,-1.7
-1.4,null,null,null,-1.1,0.23,0.2,0.75,1.3,1.9,2.1,2.1,2.7,1.4,1.4,1.5,1.1,1.2,1.1,1,2.2,2.8,2.6,2.4,1.6,2.1,2.5,3,3.6,3.3,4.2,3.1,4.2,5.4,5.4,6,6.2,6.6,7.4,7.7,7.8,7.9,6.8,6.1,5.3,3.9,null,null,null,null,null,null,null,null,null,null,null,null,null,null,null,null,null,null,null,null,null,null,null,null,null,null,null,null,null,4.5,5.7,6.3,5.8,5,5.5,6.7,7.4,8.4,7.2,2.7,0.81,0.28,-0.77,-0.89
-2.1,null,null,null,-0.15,-0.88,-0.18,0.24,1,1.2,1,0.48,1.5,2.1,-0.067,-0.96,0.92,0.55,1,0.94,0.93,2.5,2.9,1.6,1.3,1.5,2.5,2,2.1,2.8,3.8,4.1,4.5,5.1,5.4,5.5,6.9,6.8,7.7,8.1,8,7.9,7.6,6.7,5.3,5,null,null,null,null,null,null,null,null,null,null,null,null,null,null,null,null,null,null,null,null,null,null,null,null,null,null,null,-0.82,0.32,4.1,3.8,4.7,5.2,5,5.4,6.1,7.4,7.4,9.6,9.7,0.79,0.021,0.48,0.96
-1.6,null,null,null,null,-1.8,-1.3,-0.59,-1.5,-0.31,0.42,0.78,0.97,1.1,0.16,-2.6,-0.67,0.33,-0.36,0.036,0.22,0.12,1.4,1.5,1.6,0.7,0.8,2.3,1.6,1.5,3.3,3.9,3.5,5.3,5.2,5.7,6.5,7,7.6,8.5,8.3,8.4,8.3,7.7,2.5,4.5,null,null,null,null,null,null,null,null,null,null,null,null,null,null,null,null,null,null,null,null,null,null,null,null,0.09,-1.4,-0.13,1.2,2.7,3.6,4.4,5.3,6.3,6,6.1,5.8,8.6,9,7.5,8.1,10,2.8,3.5,-0.19
-5.5,-2.8,null,null,null,-1.5,-0.78,0.019,0.16,-0.012,-0.17,0.64,0.86,-0.17,-0.35,0.27,1.8,-2.4,-1.2,-1.4,-0.61,-0.02,-0.38,0.47,0.29,-0.31,-0.29,-0.64,-0.74,1.3,1.3,1.8,2.6,3.1,5,5.9,6.2,7.2,7.6,8.3,8.4,9,8.8,3.9,3.7,5.7,null,null,null,null,null,null,null,null,null,null,null,null,null,null,null,null,null,null,null,null,null,null,null,1.1,1.8,2.9,3.8,4.7,4.6,5.6,7.2,7.8,8.1,8.5,7.7,8.9,8.9,10,10,9.4,6.5,9.1,9.7,8.7
-1.9,-1.7,null,null,null,-0.59,-0.087,0.52,0.5,1.4,1.8,1.2,0.7,0.32,0.43,-0.25,-0.51,-1.3,-0.42,-1.2,-1.6,-1.4,-0.83,-0.74,-0.33,-0.63,-0.3,-0.59,-0.78,-0.69,0.26,1.4,2.2,2.9,5.2,6,6.7,7.5,7.7,8,8.8,8.5,8.5,8.6,7,6.3,null,null,null,null,null,null,null,null,null,null,null,null,null,null,null,null,null,null,null,null,null,null,1.5,1.1,2.4,4.1,3.3,5.9,5.6,6.7,6.7,6.5,7.6,7.2,6.3,7.1,9.3,9.2,9.4,9.4,9.5,9.1,8.6,6.1
-2.1,-1.2,null,null,null,0.066,1.4,1.6,1.1,1.6,1,0.99,0.92,-0.071,-0.16,-0.89,-1.4,-1.6,-0.92,-0.7,-1.2,-2,-2.3,-1.6,-1.2,-0.76,-0.3,-1,-1.4,-0.36,-1.2,0.69,1.3,3.3,4.7,5.2,7,7.1,7.7,7.6,8.8,8.6,8.9,8.4,8.6,6.1,null,null,null,null,null,null,null,null,null,null,null,null,null,null,null,null,null,null,null,null,null,null,1,0.13,1.9,1.7,2.3,4.2,5.1,6.5,5.9,5.5,6.4,7.9,7.4,8.5,8.8,9.1,11,9.5,9.9,10,10,10
-2.6,-1.9,null,null,null,0.92,2,1.7,0.68,0.99,1.2,0.42,0.66,-0.028,-0.81,-2.1,-2.3,-2.1,-1.5,-1.4,-1.4,-1.8,-2.7,-2.3,-2.8,-2.3,-1.5,-1.5,-0.35,-0.27,-0.048,0.48,-0.6,1.6,3.1,3.9,6.5,7.5,7.8,8.1,8.5,9,9,9,9.4,null,null,null,null,null,null,null,null,null,null,null,null,null,null,null,null,null,null,null,null,null,null,null,-3,-1.4,0.56,1.5,1.9,3.3,4.1,5.3,5.6,6.3,7.1,7.5,7.8,8.4,9.2,9.6,9.8,9.7,10,10,10,10
-2,-2.6,null,null,null,null,0.94,1.7,0.069,0.17,0.84,0.43,-0.64,-0.95,-1.5,-1.2,-2.4,-1.9,-1.6,-2.6,-2.4,-2.9,-2.6,-3.4,-2.7,-2.8,-2.3,-2.3,-2.1,-1.9,-1.5,-0.66,0.11,0.62,0.83,2.4,4.8,6.2,3,6.3,8.5,8.5,8.6,9.4,9.3,null,null,null,null,null,null,null,null,null,null,null,null,null,null,null,null,null,null,null,null,null,null,null,-3.3,-1.8,-0.63,0.73,0.84,1.3,3.5,4.2,6.4,5.4,5.7,7.8,8.3,8.6,9.1,9.8,9.8,9.7,10,10,10,11
-1.4,-1.4,-0.74,null,null,null,1.7,2,2.3,1.9,6,0.51,1.4,-3.5,-3.7,-3.6,0.83,1.4,-1.9,-3.2,-3.4,-4.5,-4,-5.2,-4.4,-4,-3.5,-2.7,-2.4,-3.1,-2.8,-2.2,-1.7,-0.29,0.63,1.2,2.5,5.2,6.8,7.8,8.2,0.15,8.7,9.1,10,null,null,null,null,null,null,null,null,null,null,null,null,null,null,null,null,null,null,null,null,null,-6.9,-4.3,-3.4,-2.7,-1.8,-0.75,-0.22,0.54,2.1,2.9,4.1,5.1,7.3,8.3,9.1,9.4,9.2,9.9,11,11,11,11,11,11
-3.5,-2,-0.91,null,null,null,0.64,1.5,0.43,0.6,3.1,4.9,4.9,5.1,4.2,5.3,5.5,5.9,7,7.4,8,8.2,4.4,-3.4,-4.6,-6.3,-5.5,-5.2,-4.2,-3.8,-4.1,-4,-3.5,-2,-1.4,1.1,0.87,4.3,5.7,7.1,-0.027,8.5,8.3,8.8,9,null,null,null,null,null,null,null,null,null,null,null,null,null,null,null,null,null,null,null,null,-7.6,-5.9,-4.9,-4.2,-3.2,-2.4,-0.69,0.11,0.54,1.2,2.7,4.9,5.8,7.9,7.8,8.5,9.3,9.4,11,11,12,12,12,12,11
-4.4,-3.4,-1.2,null,null,null,-0.8,-2.5,-0.92,-0.29,0.94,2.5,3,1.9,4.2,5.1,4.9,4.9,5.7,5.7,4.9,5.7,4.7,6,6.5,2.2,-1.8,-6.3,-6.3,-5.4,-5.5,-5.2,-4.5,-3.6,-2.6,-1.1,0.68,0.25,0.021,6.1,7,8.2,8.5,7.5,6.8,null,null,null,null,null,null,null,null,null,null,null,null,null,null,null,null,null,null,null,null,-5.4,-7.3,-5.9,-5.2,-4.5,-3.9,-2.5,-1.3,-0.056,1.3,2.8,5,6.6,6.6,8.5,8.8,9.2,9.8,11,11,12,12,12,12,12
-3.1,-2.3,-2.5,null,null,null,-5.4,-5,-4.2,-2.1,-0.93,1.2,0.76,2.5,3.5,4.3,4.9,6,0.6,6.8,6.5,6.7,6.4,5.4,4.2,3.3,3.9,4.3,-4.5,-6.7,-6.4,-6.3,-6.1,-4.6,-4.6,-3.9,-1.9,-0.77,2,5.5,6.7,7.6,8.1,6.9,5,null,null,null,null,null,null,null,null,null,null,null,null,null,null,null,null,null,null,null,-4.7,-4.2,-6.7,-7.3,-6.7,-5.2,-3.1,-2.8,-2,-0.11,1.3,3.2,4.4,5.4,7.1,8.6,8.6,9.1,9.9,10,11,11,12,13,4.9,13
-5.3,-3.4,-2.4,-2.5,null,null,-7.1,-5.5,-5.9,-3.4,-1.5,-0.87,2.2,2.6,3.9,4.6,5.7,6.6,6.9,7.1,7.4,7.6,7.7,6.3,5.2,5.4,3.3,3.2,2.9,0.061,-8.5,-7.7,-7.5,-7.2,-5.9,-5.4,-5,-3.4,-1.3,3,6.1,7.7,7.9,7,null,null,null,null,null,null,null,null,null,null,null,null,null,null,null,null,null,null,null,-5.8,-6.3,-8.5,-8.9,-6.4,-5.9,-4.8,-3.6,-3.2,-1.4,0.61,1.1,2.5,3.4,6.6,6.1,7.7,8.8,8.7,10,11,11,11,13,13,2.1,13
-5.2,-3.7,-2.7,-1.5,null,null,null,-7.1,-5.2,-4.5,-3,0.79,0.88,3.7,2.7,4.3,5.8,6.4,6.5,7.3,8,8.1,7.3,7.2,5.8,5.2,3.5,3.2,1.3,2.4,0.51,-8.7,-8.1,-8.3,-7.2,-6.4,-5.8,-4.6,-2.7,0.63,5.4,7.8,8.5,8.6,null,null,null,null,null,null,null,null,null,null,null,null,null,null,null,1.2,0.42,-3.3,-4.6,-2.6,-6.1,-7.3,-6.6,-6.8,-6.2,-5.9,-3.6,-2.3,-0.89,-0.45,1.3,2.4,3.8,4.8,6.6,6.7,9.3,9.4,10,10,11,12,13,5.5,14,13
-3,-1.6,-3.7,-1.2,null,null,null,-6.4,-5.5,-4.4,-2.3,-0.87,-0.2,1.7,3,4.6,5.8,5.5,1.3,9,8.4,8.4,8.2,6.8,5.3,4.4,3.4,2.6,1.3,-0.69,0.56,0.61,-9.6,-8.6,-8.8,-8.1,-7.2,-5.8,-4.4,-0.81,2,6.8,8.3,8.6,null,null,null,null,null,null,null,null,null,null,null,null,null,null,null,-4.7,-4.6,-4,-2.6,-2.9,-6.2,-8.1,-8.5,-7.7,-6,-5.6,-4.6,-3,-2,-1.5,0.81,1.7,2.8,4.4,5.8,6,8.9,9.6,9.8,11,11,11,-0.13,-0.35,9,4.1
-2.9,-2.3,-1.1,-1.3,null,null,null,-7.7,-5.6,-5.5,-4,-2.7,-0.4,-0.084,4.2,4.4,5.9,7,7.9,8.7,8.8,9.1,8.4,6.7,5.6,4,2.7,1.5,0.77,-1.4,-1.5,-0.55,0.85,-10,-9.5,-9.1,-8.2,-7.1,-5.3,-3.2,-0.00032,5.1,8.8,null,null,null,null,null,null,null,null,null,null,null,null,null,null,null,null,null,-2.1,-1.3,-2.8,-7.9,-6.7,-6.5,-4.9,-5.5,-6.5,-5.9,-4.9,-3.4,-2.3,-1.3,-0.34,0.54,2.8,3.3,4.3,7.4,8.8,9.5,9.7,10,11,12,12,13,14,14
-2.6,-1.8,-2.5,2,-9.7,null,null,-8.2,-6.3,-5.6,-4.1,-2.9,-1.4,0.12,3.5,4.8,2,7.9,8.1,8.1,9.2,9.8,9,8.1,6.3,4.6,2.8,1.9,0.3,-2.6,-1.8,-2.4,-2,-1.9,-10,-10,-9.5,-8.3,-6.6,-4.8,-1.8,1.9,4.9,null,null,null,null,null,null,null,null,null,null,null,null,null,null,null,null,-3.4,-3.8,-2,-2.7,-5.9,-6.7,-6.9,-5.2,-5,-6.2,-5.7,-4.9,-2.4,-1.5,-2.3,-1.3,0.068,0.76,2.9,4,6.6,7.9,9.4,9.9,11,11,11,12,12,13,13
-2.7,0.41,-4.1,-10,-11,null,null,-8.4,-7.6,-6.1,-4.8,-2.6,-1.1,1.6,1.1,2.2,6.1,8.2,9.2,8.6,10,10,11,11,6.4,4.3,1.7,1.1,0.35,-2.1,-1.8,-1.9,-1.9,-1.9,-4.9,-11,-10,-9.3,-7.7,-6,-3.8,-0.33,2.9,null,null,null,null,null,null,null,null,null,null,null,null,null,null,-6.6,-5.5,-3.7,-3.5,-3.2,-3.3,-4.3,-7.4,-7.2,-6.4,-6,-5.6,-5.8,-5.6,-4,-2.4,-2.6,-0.99,0.068,-0.27,0.92,3,4.6,5.7,8.9,9.1,9.9,4.2,8,-1,4.2,1.5,14
-2.6,0.38,-8.3,-10,-11,null,null,-8.8,-8.1,-6.4,-4.6,-2.7,0.07,1.4,3,4.8,6.1,8,8.8,9,10,11,12,12,8.2,4.9,2.6,1.2,-0.86,-0.21,-0.72,-1.4,-1.7,-2.9,-2.8,-10,-12,-11,-9,-6.9,-5.2,-2.4,2,null,null,null,null,null,null,null,null,null,null,null,-5.7,-6.5,-6.2,-5.8,-5.9,-6,-5.6,-5.5,-4.4,-8.2,-9.6,-8.4,-8.4,-6.8,-4.9,-4.8,-5.1,-3.4,-3.8,-3.2,-1.3,1.1,-0.31,0.66,-0.24,4.1,3.6,7.5,7.8,8.5,0.027,10,11,12,12,13
-2.9,0.45,-9.3,-11,-11,null,null,null,-8.1,-6.6,-3.5,-1.7,-0.42,2,2.3,4.1,6.4,7.5,8.8,9.5,10,10,12,11,11,5.6,1.5,1.7,1.1,0.63,0.059,-0.38,-1.6,-3.5,-4.2,-6.7,-12,-12,-10,-8.7,-6.1,-3.8,-2.3,null,null,null,null,null,null,null,null,-7.9,null,null,-6.5,-6.6,-7.8,-6,-5.5,-4.5,-4.3,-4.1,-6.2,-8.7,-8.8,-7.8,-7.6,-7.7,-6.3,-4.8,-3.7,-2.8,-3.2,-3,-1.7,-0.95,0.63,2.3,2.8,3.7,4.1,5.5,6.7,7.3,8.4,10,10,10,11,12
-4.6,-5.7,-10,-12,-12,-11,null,null,-8,-6.7,-3.9,-1.2,0.22,0.31,3,5.1,6.7,8,8.9,8.8,10,10,11,11,12,6.3,1.7,-0.17,2.3,0.36,0.92,0.97,-1.7,-4.9,-7,-7.6,-13,-13,-11,-9.2,-7.1,-5,null,-3.2,null,null,null,null,null,null,null,-8.3,-7.4,-9,-8.8,-7.9,-8,-6.4,-5.9,-6.2,-5.7,-4.4,-1.4,-6.5,-8.8,-5.4,-6.2,-7.8,-5.8,-4.9,-3.8,-4,-3,-2.3,-1.9,-1,0.8,1.1,2.7,3.5,3.2,3.9,3.9,6.2,8.7,9,9,9.2,10,11
-7,-9,-11,-12,-11,-11,null,null,-8.5,-6.3,-3.4,-0.49,0.83,3.1,4.5,6.1,7.3,8.5,9.7,11,10,11,10,11,12,8.3,3.8,4.5,4.7,5,5,3.6,-2.8,-9.4,-12,-12,-14,-13,-12,-10,-7.5,-5.6,null,-1.5,null,null,null,null,null,null,null,null,-7.8,-9.7,-9.7,-8.8,-8.2,-7.5,-8.1,-8.2,-6.6,-5.1,-5.4,-7,-7.7,-6.9,-6.7,-6.9,-8.6,-7.3,-4.8,-4.5,-2.7,-2.4,-1.3,-0.81,0.33,1.8,2.4,2.7,1.3,2,1.9,3.7,3.5,7.6,5.7,7.7,7.9,8.9
-8,-10,-12,-12,-11,-11,null,null,-8.5,-6.2,-3,0.38,0.88,3.3,4.7,6.2,7.8,9.4,9.7,11,11,10,9.6,11,4.5,5.3,6.9,7.3,8,8.5,10,11,-2.5,-18,-18,-16,-15,-14,-12,-11,-8.3,-6.3,null,null,null,null,null,null,null,null,null,-3.7,-9.4,-11,-11,-9.4,-8.9,-9.2,-9.2,-9.3,-7.6,-7.2,-7,-5.7,-7.9,-8.9,-8.5,-8.2,-9.1,-8.3,-7,-6.5,-3.6,-2.6,-1.2,-0.65,0.79,1.7,1.1,1.5,2.4,2.2,1.9,1.1,1.8,5.4,4.8,5.6,6.2,7.4
