atlas/src/main/webapp/resources/data/climatologia/asm-vsm.json
{"header": {"discipline":0,"disciplineName":"Meteorological products","gribEdition":2,"gribLength":33856,"center":98,"centerName":"INPE-Brazil","subcenter":0,"refTime":"2020-10-23T09:00:00.000Z","significanceOfRT":0,"productStatus":0,"productType":2,"productDefinitionTemplate":0,"parameterCategory":2,"parameterNumber":2,"parameterNumberName":"U-component_of_wind","parameterUnit":"m.s-1","genProcessType":0,"forecastTime":0,"surface1Type":1,"surface1Value":0,"surface2Type":255,"surface2Value":0,"numberPoints":4026,"shape":0,"gridUnits":"degrees","resolution":48,"winds":"true","scanMode":64,"nx":92,"ny":92,"basicAngle":0,"lo1":244,"la1":-56,"lo2":335,"la2":35,"dx":1,"dy":1}, "data":
[rows 0 to 37 of 92, columns 0 to 85 of 92]
null,null,null,null,null,null,null,null,null,null,null,null,null,null,null,null,null,null,null,null,null,null,null,null,null,null,null,null,null,null,null,null,null,null,null,null,null,null,null,null,-3.4,-6,-6.4,-5.7,-6.5,-6.8,-5.9,-5.7,-5.5,-6.6,-7.1,-7.2,-7.1,-9.3,-13,-15,-16,-14,-12,-9.9,-9,-7.1,-6.7,-6.4,-6.3,-7.7,-8.1,-7.1,-6.7,-6.7,-5.8,-5.1,-5.4,-5.4,-3.9,-3.6,-3.3,-2.6,-1.2,-0.93,-1.7,-0.032,-1.7,-1.2,-2.1,-0.38
null,null,null,null,null,null,null,null,null,null,null,null,null,null,null,null,null,null,null,null,null,null,null,null,null,null,null,null,null,null,null,null,null,null,null,null,null,null,null,-6.6,-6.7,-6.1,-5.5,-6.2,-6.7,-6.4,-5.7,-4.8,-5.6,-5.5,-5.5,-6.1,-7.2,-11,-15,-19,-18,-15,-12,-11,-7.9,-7.1,-7.4,-5.9,-5.2,-6,-5.3,-2.6,-5.8,-5.3,-7.5,-6.3,-6.9,-7.1,-5.9,-5.3,-4.6,-3.8,-2.2,-2.9,-2.5,-2.5,-2.8,-2.1,-2.4,-3
null,null,null,null,null,null,null,null,null,null,null,null,null,null,null,null,null,null,null,null,null,null,null,null,null,null,null,null,null,null,null,null,null,null,null,null,null,-6,-6.3,-6.8,-6.8,-6.6,-6,-6.3,-5,-5.2,-5.1,-3.6,-4,-3.5,-2.8,-3.5,-4.3,-7.9,-15,-17,-14,-10,-12,-9.4,-7.4,-5.4,-6,-5.9,-5.2,-4.7,-3.2,-4.8,-6,-5.7,-6.4,-8.1,-7,-5.8,-6.8,-7.5,-5.7,-5,-4.8,-3.8,-4.9,-4.7,-4.3,-4,-3.5,-4.7
null,null,null,null,null,null,null,null,null,null,null,null,null,null,null,null,null,null,null,null,null,null,null,null,null,null,null,null,null,null,null,null,null,null,null,null,-9,-8.9,-8,-7.4,-6.9,-6.8,-6.3,-6.4,-6,-3.7,-4.1,-3.4,-3.4,-2.7,-0.82,1.6,2.8,3.1,4.2,-2.2,-6.8,-6.5,-7.4,-8.4,-6.1,-4.3,-5.2,-5.8,-6,-4.9,-3.9,-5.2,-6.2,-6.9,-7.9,-8.5,-8.5,-8.4,-7.5,-7.6,-7.8,-7.1,-6.5,-6.5,-6.2,-4.7,-4.3,-4.4,-5.8,-5.2
null,null,-2.2,null,null,null,null,null,null,null,null,null,null,null,null,null,null,null,null,null,null,null,null,null,null,null,null,null,null,null,null,null,null,null,null,-5.5,-8.3,-9,-8.3,-7.6,-7,-6.2,-5.2,-5.5,-4.6,-3,-2.8,-2.5,-0.95,-0.92,0.62,4.1,7.6,12,19,9.8,-3.8,-4.3,-3.5,-4.9,-4,-3.3,-4.4,-4.6,-4.9,-5.4,-5.6,-5.2,-7.4,-7.8,-8.6,-9.9,-9,-8.3,-8.5,-8.8,-8.2,-7.4,-6.2,-6.6,-5.5,-5.2,-6.4,-6.6,-5.2,-5.7
null,null,4.3,null,null,null,null,null,null,null,null,null,null,null,null,null,null,null,null,null,null,null,null,null,null,null,null,-7.3,-6,-3.8,-4.8,null,-9.5,null,null,-7.2,-9.1,-8.2,-7.8,-7.4,-6.7,-6.5,-6,-5.5,-4.8,-3.1,-1.1,-1.3,-0.67,0.5,1.8,4.2,8.2,12,14,11,4.8,1.4,-0.78,-3,-2.9,-2.5,-3.9,-4.3,-4.7,-5.2,-5.5,-5.1,-6.8,-8.2,-10,-9.1,-9.5,-9.5,-7.7,-8.5,-7.8,-7.9,-8,-6.9,-6,-7.3,-7.1,-6.4,-6.6,-6.2
2.8,4.5,null,null,null,null,null,null,null,null,null,null,null,null,null,null,null,null,null,null,null,-6.1,-7,-7.2,-8.9,-10,-10,-11,-8.7,-8.4,-7.2,-9.3,-10,-8,null,null,-9,-8.3,-9,-8.9,-7.6,-7.6,-5.3,-5.1,-3.8,-3.5,-1.1,-0.25,0.049,1.2,4.2,5.5,7.4,9.5,11,9.9,7.1,3.2,0.28,-1.3,-1.7,-1.7,-1.1,-0.88,-4.2,-5.2,-5.5,-5.8,-6.1,-8.8,-11,-11,-8.7,-9.5,-9.3,-9.3,-9.1,-8.8,-7.7,-7.4,-8.5,-7.3,-7.5,-7.6,-7.8,-7.5
2.3,null,null,null,2.1,null,null,null,null,null,null,null,null,null,null,null,null,null,null,null,-5.3,-6.2,-6.6,-7.5,-8.3,-9.6,-9.1,-8.7,-10,-9.5,-8.8,-8.5,-9,-7.2,null,null,-8.7,-8.4,-8,-8.7,-8.1,-7.3,-5.9,-5.1,-4,-3.6,-1.3,0.24,1.4,2.8,5.1,6.7,8,9.6,9.9,8.9,7.1,3.8,-2.4,-3.7,-1.4,-2.2,-3,-3.3,-5.3,-6.3,-5.7,-6.3,-6.5,-5.5,-5.7,-8.6,-11,-9.7,-9.5,-9.5,-10,-9,-8.8,-8,-7.9,-7.9,-8.4,-8.2,-7.6,-7.7
null,4.5,null,null,null,-0.75,-0.18,null,null,null,null,null,null,null,null,null,null,null,null,-5.7,-5.1,-5.8,-6.5,-6.8,-6.9,-7.6,-6.6,-6.7,-8.7,-9.4,-9.7,-8.9,-10,-10,null,null,-9.6,-7,-8.7,-8.9,-8.1,-7.3,-5.6,-5.5,-4.2,-3,-2.3,1.1,3.5,4.5,5.6,7.7,8.4,9.4,8.8,11,7.1,4.9,0.79,-0.059,-1.3,-2.9,-3.2,-2.9,-5,-6.1,-7.2,-7.6,-5.7,-5.2,-5.7,-6.2,-9.5,-9.1,-9.1,-8.5,-9.2,-9.4,-9.5,-8.7,-7.9,-9.1,-7.4,-7.8,-8,-8.3
null,3.7,6.1,5.8,null,null,-1,null,null,null,null,null,null,null,null,null,null,null,null,-5.9,-4.8,-4.7,-5.3,-5.8,-5.8,-5.9,-6.7,-7.1,-7.5,-9.1,-9.1,-9.2,-9.1,-9.2,-7.7,null,-9.2,-9.2,-9,-8.6,-7.9,-6.6,-6.2,-5.7,-3.9,-2.5,-2.5,2.3,4.8,5.3,6,7.6,8.7,9.4,9.9,7.8,6.3,4.5,0.023,2.1,-1.6,-2.3,-3,-3.5,-4.6,-6.7,-7.6,-8.9,-7.7,-7,-8.2,-8.4,-4.4,-7.6,-9.7,-8.6,-9.4,-10,-9.7,-9.4,-8.2,-7.7,-7.9,-7.5,-8.5,-8.7
null,3.3,4.5,5,null,null,-2.2,1.2,null,null,null,null,null,null,null,null,null,null,null,-5.4,-4.5,-4.2,-5.5,-5.8,-6.3,-6.7,-7.1,-6.8,-8.2,-7,-8,-8.6,-9.3,-9.7,-9,-6.3,-10,-6.8,null,-8.6,-8.7,-7.6,-6.2,-5.7,-4.1,-2.7,0.61,2.3,4,5.8,7.4,8.1,8.1,8.6,8.1,7.1,6.1,3.4,-0.027,1.9,-2.4,-2.3,-4,-4.1,-5.5,-7.1,-14,-11,-8.9,-9.3,-9.5,-11,-9.8,-9.8,-9.1,-8.5,-8.2,-9,-9.5,-9.3,-9.5,-8,-7.8,-8.1,-8,-8.4
null,null,3.6,4.4,5,null,null,-1.3,3.5,null,null,null,null,null,null,null,null,null,null,-5.7,-3.8,-4,-4.1,-5.7,-6,-5.8,-5.7,-6.3,-6.4,-5.6,-8,-9.1,-10,-11,-9.5,-9.9,-9.9,-9.5,-8.7,-10,-9,-8.1,-7.3,-5.3,-4.2,-3.6,-1.6,0.058,2.5,3.3,4.3,5.7,6.4,6.7,6.5,5,4.3,2.1,-0.64,-3.4,-3.2,-3.5,-4,-3.7,-4.3,-5.6,-7.3,-8,-8.5,-7.3,-7,-9.5,-11,-10,-9.2,-8.3,-9.5,-9.4,-8.5,-8.9,-9.4,-8.2,-8.2,-8,-8,-8.1
null,null,2.3,3.1,4,5.2,null,-0.4,2.8,3.7,null,null,null,null,null,null,null,null,null,-5.4,-4.4,-3.6,-4,-4,-4.8,-5.5,-5,-5.8,-6.1,-5.2,-8.5,-8.5,-7.7,-9.3,null,null,-10,-9.5,-9.8,-9.5,-9.7,null,-8.7,-8.2,-7,-5.9,-5.1,-2.9,-1.1,0.11,1.3,2.1,3.2,3.6,3.1,2.4,2.7,-1.6,-1.8,-2.9,-3.4,-5,-5.5,-3.3,-3.4,-5.7,-7.2,-7.5,-7.5,-7.7,-7.2,-8.2,-9.2,-11,-9.2,-9,-9.7,-9.8,-8.8,-8.2,-8.3,-8.4,-8.1,-7.7,-8.3,-7.7
null,null,1.8,2.2,3.3,4,5.4,5.7,3.9,4.3,3.7,null,null,null,null,null,null,null,null,-3.1,-3.1,-3.7,-3.6,-4,-4,-4.8,-5.7,-6.2,-6.2,-6.9,-7.8,-8.2,-5.8,-6.1,-5.8,-7.6,null,null,null,-6.2,-6.8,-7.7,-8,-8,null,-6.1,-6.6,-4.7,-4.2,-3.2,-0.81,1.3,2,1.6,2.5,2.1,0.42,-2,-4.1,-3.6,-4,-4.1,-9.1,-7.6,-5.4,-5.9,-6,-7.6,-7.3,-7.1,-7.4,-6.9,-8.8,-9.9,-9.7,-9.5,-9.7,-9.8,-9.6,-9.1,-9.2,-9.8,-8.4,-8.8,-8.2,-7.8
null,null,null,2,2.7,3.2,3.3,3.6,1.8,2.7,3.7,null,null,null,null,null,null,null,null,-3,-0.94,-2.3,-3.3,-3.4,-3.3,-4.6,null,null,null,null,-6.4,-4.5,-7.5,-7.2,-7.7,-8,-7.4,-6.3,null,null,null,-3.4,-4.3,null,-6.3,-6.2,-5,-4.6,-3.6,-2.7,-1.9,-1.9,0.18,-0.43,1.1,-0.19,-2,-4.6,-4.7,-5.1,-4.7,-4.9,-4.6,-5.8,-5.9,-5.9,-6.7,-7.5,-7.3,-7.4,-7.3,-7.3,-6.3,-7.4,-8.7,-8.7,-9.3,-9.8,-9.5,-9,-8.2,-8.4,-9.2,-9.6,-9.5,-9.2
null,null,null,-2.2,1,2.3,2.6,2.9,0.82,2.4,3.3,null,null,null,null,null,null,null,null,null,-0.72,-0.99,-2.4,-1.6,-0.87,-1.1,null,null,null,-2.3,-2,-1.6,-1.1,-4.4,-5.6,-8.6,-8.1,-7,-6.9,null,-6.7,null,-6.5,null,-6.2,-5.8,-4.5,-3.9,-4.5,-4.4,-3,-2.6,-2.8,-2.6,-2.3,-3.8,-4.6,-4.4,-6.1,-6.7,-5.5,-5.8,-6.1,-6.3,-6.5,-8.2,-8.3,-7.7,-8.2,-8.1,-7.8,-5.9,-7.4,-7.1,-5.7,-5.9,-8.5,-9,-9.1,-9.4,-8.4,-8,-8.1,-8.3,-8.2,-8.7
null,null,null,0.86,-2.2,2.1,2.2,2.3,1.8,1.2,2.9,3.1,null,null,null,null,null,null,null,null,0.2,0.92,1.5,-0.48,1.3,null,null,null,null,-0.6,-0.61,0.5,0.97,0.44,-1.9,-4.1,-5,-5.8,-8.9,-8.6,-7.5,-7.6,-6.7,null,null,null,null,null,-3.9,-3.7,-4.4,-3.8,-3.4,-4.1,-4.1,-4.4,-4.1,-5.2,-7.1,-7.1,-6.6,-6.7,-7.1,-7.3,-7.9,-8.2,-7.9,-8,-8.9,-9.1,-8.6,-7.6,-6.7,-6,-6,-5.4,-5.1,-5.3,-6.4,-8.6,-7.8,-8.3,-10,-8.3,-8.3,-8.9
null,null,null,-1.5,-2.4,-0.91,1.4,1.6,2.9,1.7,2.1,2.6,2.3,3.4,null,null,null,null,null,null,null,null,null,null,null,null,null,null,8.7,0.7,2.3,1.5,1.8,1.5,-0.076,-3.6,-4.6,-4.9,-6.5,null,-8.3,-12,-5.3,-7.6,null,null,-4.3,-5.6,-6.9,null,-4.2,-4.7,-5.8,-6.4,-5.2,-5.7,-6.1,-6.6,-6.1,-7.7,-6.9,-7.1,-7.8,-7.9,-8.6,-8.4,-8.5,-8.4,-8.9,-9,-8.7,-8.4,-7.5,-7.6,-6.6,-6.2,-5.3,-4.3,-4,-3.8,-3.2,-3.8,-5.7,-5.4,-5.6,-5.7
null,null,null,null,-2.9,-1.9,-1.8,1.2,1.7,2.1,1.9,2.1,1.8,2.2,1.4,1.4,null,null,null,null,null,null,null,null,null,null,null,null,1.5,2,3.4,3.9,4.3,2,0.55,-2.3,-2.6,-4.2,-5.4,-4.7,-5.6,-7.1,-7.5,-6.6,-7.6,-6.5,-7.1,-6.7,-6.8,-7,-6,-5.6,-5.3,-7.1,-6.4,-6.6,-6.7,-8.6,-7.6,-7.4,-7.2,-7.6,-8.1,-8.6,-9.3,-8.5,-8.5,-8.2,-9,-8.9,-9.1,-8.9,-8.2,-8.3,-8.1,-7.6,-6.7,-6.3,-6.2,-5.2,-4.7,-4.1,-3.8,-3.8,-4.8,-5.2
null,null,null,null,-3.5,-4.3,-2.3,1.9,0.39,0.29,0.71,1.5,1.7,1.2,0.89,0.28,0.78,2,null,null,null,0.023,-2.6,null,null,null,null,null,-4.7,-2.4,null,null,3.5,3.4,0.54,-0.68,-3.4,-4.4,-4.6,-5.7,-8,-6,-6.2,-9.5,-7.2,-8.5,-7.6,-7.5,-7.7,-7.4,-7.2,-6.5,-7.1,-4.1,-5.7,-8.7,-7.3,-5.8,-7.4,-7.8,-7.8,-7.6,-8.8,-8.9,-8.9,-8.5,-8.7,-9.1,-8.9,-9.1,-9.4,-9.6,-8.6,-8.4,-8.3,-8.1,-7.9,-7.4,-7.2,-7.1,-7,-5.7,-4.7,-5,-5.4,-5.9
null,null,null,null,-1.5,0.69,-4.7,0.91,-1.3,-0.5,1.1,0.11,-0.11,0.74,0.4,-0.44,-0.1,0.87,1,1.2,0.99,1.1,0.31,-2.1,null,null,null,null,null,null,null,null,null,1.7,1.4,0.44,-2.2,-2.9,-3.4,-6.4,-7.3,-9.4,-4.7,-9.9,-8.2,-10,-9.1,-8.2,-8.6,-8.3,-7.6,-7.8,-7.5,-7.3,-8.1,null,-6.8,-5.4,-6.8,-8.2,-7.9,-8.5,-9.1,-8.8,-8.2,-8.6,-8.8,-9.1,-9,-9.5,-9.9,-9.7,-8.9,-8.6,-8.8,-8.1,-7.8,-7.6,-7.4,-7.5,-6.8,-5.6,-4.8,-4.9,-6,-6
null,null,null,null,-2.1,1.5,0.98,1.1,2.7,0.85,0.49,0.88,0.93,0.26,-0.15,0.35,-2.1,-3.2,-2.9,-2.5,-3.8,-0.21,2,-1.3,-0.92,-4.9,null,null,null,null,null,null,null,-0.75,0.037,1.9,1.2,-2.6,-2.2,-5.6,-7.7,-7,-7.3,-7.5,-8.5,-11,-11,-9.8,-9.2,-8.7,-7.5,-7,-7.6,-7.8,-8.4,null,-7.1,-7,-6,-8.3,-8.7,-9.5,-8.9,-8.7,-8.9,-9,-9.3,-9.6,-9.4,-9.7,-9.8,-9.9,-9,-8.7,-8.6,-8.2,-7.8,-7.4,-7,-7.2,-7.2,-6.2,-5.3,-5.2,-5.3,-5.9
null,null,null,null,null,-2.5,-0.29,2.1,1.8,1.3,0.016,-0.039,-0.28,-0.39,-1.6,-2.7,-5.6,-5.6,-6.7,-4.9,-2.1,-0.98,0.43,0.54,0.3,-0.12,0.56,-0.82,-0.82,null,null,null,null,0.96,-0.025,1.1,0.26,-1.5,-1.5,-3.8,-3.8,-4.7,-5.9,-7.5,-8.6,-8.9,-13,-10,-10,-8.2,-8,-7.4,-7.3,-7.6,-7.6,-7.8,-6.6,-6.8,-6.8,-10,-9.5,-9.6,-9.2,-9.1,-9.3,-9,-9.7,-9.8,-9.4,-8.5,-9.7,-9.4,-9.8,-9.1,-9.2,-8.3,-7.7,-7.1,-6.9,-7,-6.6,-6,-5.1,-5,-5.3,-5.9
null,null,null,null,null,-2.7,-2.3,-0.041,1.6,4.5,1.9,1.7,-1.4,-0.17,-1.4,-2.7,-4.7,-5.8,-3.8,-1.8,-1,0.68,1.5,3.1,3.4,0.14,-0.09,-0.41,-0.99,1.2,null,null,null,-0.18,0.95,0.38,-0.22,-0.14,-0.46,-0.24,-2.7,-3.9,-4.2,-2.7,null,-6.5,null,-9.5,-8.9,-10,-8.4,-9.3,-7.2,-5.7,-7,-9.5,-8.2,-12,-9.5,-9.8,-9.2,-9.7,-9.9,-9.6,-9.4,-9.2,-9.5,-9,-9,-8.8,-9,-9.3,-9.8,-9.2,-9.2,-8.5,-7.8,-7.2,-7.2,-6.8,-6.2,-6.2,-4.8,-4.8,-5.2,-5.2
-2.7,-2.7,-2.8,-2.5,-2.2,-2.3,-2.5,-1.6,3.1,1.3,1,0.81,-2.2,-4,-5.9,-3.3,-0.18,0.67,0.27,2.8,1,0.98,0.73,3.1,4.3,3.1,-0.047,0.15,2.5,2,3,null,null,1.1,-0.61,0.5,0.37,-0.87,-0.2,-0.76,-1.4,-3.8,null,null,null,null,null,null,-7.6,-8.2,-6.8,-7.4,null,-4.4,-4.6,-6.7,-7.5,-11,-9.2,-9.9,-7.5,-7.6,-11,-9.7,-8.8,-9.1,-8.6,-9.1,-8.4,-9.2,-9.8,-10,-10,-9.1,-8.9,-8.7,-8.6,-7.7,-7.2,-6.5,-5.9,-6,-4.9,-4.2,-4.7,-4.1
-1.6,2.7,-2.7,-2.6,-2.2,-2.8,-3.9,1.4,3.6,0.52,-0.78,0.023,-0.17,-4.3,-1.1,1.1,5.3,4.4,1.7,3.3,2.5,3.5,2.9,3.1,4.1,3.7,3.1,2.7,2.9,4.2,-4.9,null,null,null,-0.19,-0.83,-0.96,-2.3,-1.6,0.6,1.3,null,null,null,null,null,null,null,null,null,null,null,null,null,-5.1,-6.7,-6.5,-9.1,-7.5,-7.5,-11,-6.9,-8.7,-12,-11,-8,-9.4,-7.7,-9,-9.3,-11,-12,-11,-12,-7.5,-8.9,-8.1,-7.3,-6.9,-6.8,-6,-5.5,-4.3,-4.3,-4.9,-4.5
2.9,2,-0.76,-0.71,0.69,0.99,-3.2,1.6,6.4,-0.3,2.7,3.1,3.6,2,3.7,2.5,4.4,3.9,4,3.9,4.8,6.3,5.7,4.8,2.9,3.7,3.6,3.5,3.2,3.7,4.2,4.8,null,null,null,-0.84,null,null,null,0.047,null,null,null,null,null,null,null,null,null,null,null,null,null,null,null,null,-4.7,-6.2,-16,-9.4,-7,-12,-7.3,-8,-9.1,-10,-9.8,-9.3,-10,-11,-9.3,-9,-10,-9.3,-8.6,-8.5,-7.3,-6.9,-6.6,-6,-6.1,-5.7,-4.5,-4.1,-4.4,-4.6
2.2,1.8,0.21,-0.35,-0.4,1.6,4.2,2.1,3,3,5.2,3.7,2.8,4.6,5.3,3.7,3.3,3.9,4.8,4.1,5,5.9,5.1,6.3,-1.7,-0.81,4,2.7,4.2,4.1,4.4,4.3,4.8,6.4,null,null,2.1,2.9,null,null,null,null,null,null,null,null,null,null,null,null,null,null,null,null,null,null,null,null,-11,-4.2,-5.1,-4.6,-3.3,-7,-7.4,-8.8,-8.5,-9.1,-7.6,-6.7,-9.5,-6.8,-7.6,-6.8,-7.1,-7.7,-7.1,-5.6,-5.3,-4.9,-3.2,-3.5,-3.3,-3.3,-4.9,-5.7
2,0.77,-2.5,-2,-1.8,0.65,2.2,2,3.3,3.1,4.4,4.5,3.3,3.7,3.6,2.6,2.2,3.7,3.5,3.2,3.3,4,3.9,5,4.6,4.1,2.8,3.1,3.5,4.1,4.1,4.3,5,5.4,5.6,5.5,4.9,4.5,3.6,null,null,null,null,null,null,null,null,null,null,null,null,null,null,null,null,null,null,null,-3.1,-2.2,-3,-3.9,-2.8,-5.3,-4.5,-6.1,-5.8,-5.7,-5.4,-6,-6.2,-8.2,-7.9,-7.7,-4.7,-5.8,-5,-5,-4.8,-3.4,-2.7,-2.4,-0.42,-2,-2.6,-1.9
3.2,-2.5,2.9,2.1,2,-0.58,null,2.1,3,2.9,2.3,2.9,2.7,2.3,3.1,1.5,1.3,1.7,2,2,2.6,3.7,3.8,3.6,3.3,3,2.8,2.2,1.9,4,3.8,3.9,3.6,4.1,4.7,4.4,4,4.8,2.9,null,null,null,null,null,null,null,null,null,null,null,null,null,null,null,null,null,null,null,null,null,null,-4.7,-4.3,-4,-4.5,-4.2,-3.8,-4.1,-3.8,-3.9,-5.2,-4.3,-5.1,-5.2,-5,-5.8,-5.6,-3.9,-3.7,-3.1,-2.8,-1.9,-4,-2.9,-1.6,-0.82
-0.27,-1.1,-0.73,3.9,1.4,-0.7,0.82,1.9,2.8,1.5,1.2,1.9,1,1.6,1,1,0.91,0.97,0.49,0.71,1.8,3,3.5,3.7,2.6,1,0.59,1.9,3.1,3.5,4.1,4.9,3.1,2.5,4.3,3.2,3.9,4.2,4.2,null,null,null,null,null,null,null,null,null,null,null,null,null,null,null,null,null,null,null,null,null,null,null,null,null,-4.3,-2.6,-1.6,-2.5,-2.9,-3.2,-4,-4.7,-7,-4.6,-5,-5.4,-4.8,-3.8,-4.9,-4,-3.1,-5.4,-5.1,-5.5,-4.6,-6.4
-1.4,-2,-1.5,-2.6,-1.8,-1.1,-0.47,0.71,0.9,0.31,-3.4,0.23,0.93,1.1,0.26,-0.059,0.32,-0.17,-0.13,0.16,0.2,2.2,2.8,3.3,1.4,-0.57,0.57,1.8,2.3,2.9,2.7,4.4,3.3,2.8,3.7,4.2,4.3,4.9,4.8,null,null,null,null,null,null,null,null,null,null,null,null,null,null,null,null,null,null,null,null,null,null,null,null,null,null,-4.3,-2.3,-1.6,-2.5,-3.7,-4.8,-5.3,-5.1,-5.2,-4.7,-5.6,-4.9,-3.9,-4,-4,-3.4,-6.2,-5.8,-7.4,-7.8,-3
-2,-2.4,-2,-3.1,-2.5,-2.1,-2,-0.22,-1.4,-1,-0.092,-0.59,0.91,0.015,0.43,-0.12,-0.88,-1.6,-1.2,-0.93,2.8,0.32,1.4,2.7,2.2,-0.41,-0.75,1.4,1.7,2.1,3.5,3.3,3,3.2,3.5,3.5,5.1,6.1,6.6,null,null,null,null,null,null,null,null,null,null,null,null,null,null,null,null,null,null,null,null,null,null,null,null,null,null,0.06,-2.7,-2.8,-3,-4.1,-4.8,-5.5,-5.7,-5.7,-5.4,-4.9,-5.5,-4.9,-3.8,-3.4,-3.3,-5,-5,-4.6,-4.3,-2.5
-2.5,-2.4,-2,-2.3,-2.8,-3.7,-1.9,-2.7,-2.8,-1.8,-1.2,-1.4,-0.033,1.4,0.51,-1.4,-1.8,-3.2,-2,-2,-0.82,-1,-6,2.5,1.2,-2.3,-0.5,0.032,0.82,1.4,1.7,2.7,3.4,3.2,3.9,3.4,5.5,5.6,null,null,null,null,null,null,null,null,null,null,null,null,null,null,null,null,null,null,null,null,null,null,null,null,null,null,null,null,-3.1,-5,-3.9,-3.6,-4.7,-5.6,-6.1,-6.3,-5.9,-5.4,-5.2,-5.1,-4.5,-4.2,-3.6,-4.1,-4.9,-3.6,-3.7,-1.8
-2.9,-3.2,-2.5,-3.5,-3.6,-3.5,-4,null,-4.1,-3.9,-2.6,-1.8,-1.5,-1.4,-1.7,-2.1,-2.8,-3,-3,-3,-2.5,-1.8,-1.3,2.2,3.5,-2.2,-1.2,0.8,0.54,0.86,1.2,2,3.1,2.9,3.3,5.1,4.7,null,null,null,null,null,null,null,null,null,null,null,null,null,null,null,null,null,null,null,null,null,null,null,null,null,null,null,null,null,-8,-5.7,-5.1,-4.9,-5,-5.6,-6.6,-7.8,-7.4,-6.8,-6.5,-6.2,-4.8,-4.7,-4.6,-4.2,-3.3,-4,-2.7,-3.5
-2.4,-1.2,-2.5,-0.85,-1.3,-3.4,-4.2,-3.3,-3.4,-4.3,-3.8,-3.2,-3.4,-2.1,-2.1,-2.2,-3,-3.2,-3.3,-4,-3,-2.3,-1.6,-4.1e-16,0.66,-2.6,0.59,-0.04,0.58,0.84,0.6,1.8,2.5,3.7,5.1,5.7,null,null,null,null,null,null,null,null,null,null,null,null,null,null,null,null,null,null,null,null,null,null,null,null,null,null,null,null,null,null,null,-7,-6.4,-6.3,-6.5,-6.8,-7,-8.9,-8.1,-7.7,-7.3,-6.9,-6.2,-5.3,-5.7,-4.7,-3.8,-3.7,-3.6,-3.7
-2.7,-1.4,-1.5,-1.2,-2.5,-3.5,-5.1,-4,-4,-3.3,-4.6,-3.8,-4,-2.7,-2.8,-3.2,-2.4,-2.5,-3.3,-3.5,-2.5,-2.6,-1.8,-2.2,-4.5,-1.7,-0.41,-0.46,-0.42,-0.42,0.5,-4.1,1.3,3.2,5.3,null,null,null,null,null,null,null,null,null,null,null,null,null,null,null,null,null,null,null,null,null,null,null,null,null,null,null,null,null,null,null,null,null,null,null,-8,-6,-7.9,-9.5,-9.7,-8.7,-7.5,-7.2,-6.6,-6.2,-5.7,-5.3,-4.5,-3.7,-4.4,-4.5
-3.6,-2.7,-3.1,-2.3,-2.9,-4.6,-6,-4.6,-4.2,-3.9,-3.9,-4.1,-4.7,-4.3,-3.5,-3.1,-3.3,-2.9,-3.3,-3,-2.9,-2,-2.8,-2.8,-2.5,-0.6,-0.59,-0.36,1.7,-0.17,-0.86,-0.71,0.24,2.1,4.1,null,null,null,null,null,null,null,null,null,null,null,null,null,null,null,null,null,null,null,null,null,null,null,null,null,null,null,null,null,null,null,null,null,null,null,null,null,-8.4,-9.1,-12,-11,-8.5,-7.6,-7.2,-6.6,-5.8,-5.7,-4.6,-4.3,-4.1,-3.9
