atlas/src/main/webapp/resources/data/climatologia/asm-vsm.json
{"header": {"discipline":0,"disciplineName":"Meteorological products","gribEdition":2,"gribLength":33856,"center":98,"centerName":"INPE-Brazil","subcenter":0,"refTime":"2020-10-23T09:00:00.000Z","significanceOfRT":0,"productStatus":0,"productType":2,"productDefinitionTemplate":0,"parameterCategory":2,"parameterNumber":3,"parameterNumberName":"V-component_of_wind","parameterUnit":"m.s-1","genProcessType":0,"forecastTime":0,"surface1Type":1,"surface1Value":0,"surface2Type":255,"surface2Value":0,"numberPoints":4026,"shape":0,"gridUnits":"degrees","resolution":48,"winds":"true","scanMode":64,"nx":92,"ny":92,"basicAngle":0,"lo1":244,"la1":-56,"lo2":335,"la2":35,"dx":1,"dy":1}, "data":
[rows 0 to 39 of 92, columns 0 to 89 of 92]
null,null,null,null,null,null,null,null,null,null,null,null,null,null,null,null,null,null,null,null,null,null,null,null,null,null,null,null,null,null,null,null,null,null,null,null,null,null,null,null,-6.8,-2.1,-3.2,-4.7,-6.4,-7.6,-9.4,-11,-12,-11,-11,-10,-10,-9.3,-7.5,-3.2,0.17,2.6,5.2,6.6,6.8,6.9,6.3,6.4,7.3,8.4,6.9,6.9,6.5,7.1,6.8,6.9,5.1,3.6,1.7,0.97,0.76,-0.12,-2.3,-2.6,-2.9,-4.4,-2.9,-3.6,-4,-4.4,-4.8,-5.3,-4.8,-5.8
null,null,null,null,null,null,null,null,null,null,null,null,null,null,null,null,null,null,null,null,null,null,null,null,null,null,null,null,null,null,null,null,null,null,null,null,null,null,null,-3.3,-3,-3.6,-4.7,-5.6,-7.1,-8.2,-10,-12,-13,-11,-11,-12,-13,-13,-8.8,-4.9,2.5,7.4,8.2,7.8,7.3,6.5,7.6,6.1,6.2,6.4,5.6,-2,8.4,9.3,7.2,5.7,5.5,4.6,2.9,0.88,-0.46,-1.8,-2.7,-2.3,-2,-3.8,-4.1,-4.2,-4.5,-4.8,-5.1,-4.4,-4.4,-6.2
null,null,null,null,null,null,null,null,null,null,null,null,null,null,null,null,null,null,null,null,null,null,null,null,null,null,null,null,null,null,null,null,null,null,null,null,null,-2.5,-2.2,-1.6,-2.8,-3.5,-4.2,-6.2,-7.1,-9,-10,-12,-12,-11,-12,-14,-15,-16,-12,4.5,12,12,14,11,9.7,8.8,8.4,7.6,7.2,6.9,6.7,7,6.8,8.3,7.7,6.1,5.5,4.4,3.3,0.62,-0.044,-0.66,-2.6,-3.6,-4.5,-4.5,-3.9,-4.7,-5.7,-5,-5.5,-4.1,-5.8,-5.1
null,null,null,null,null,null,null,null,null,null,null,null,null,null,null,null,null,null,null,null,null,null,null,null,null,null,null,null,null,null,null,null,null,null,null,null,-1.8,-0.74,0.32,-1.8,-3.5,-4.7,-6.1,-7.1,-7.2,-8.7,-11,-12,-11,-11,-12,-13,-15,-19,-18,6.4,18,17,16,12,11,9.9,8.9,7.6,7,7,6.8,7.4,7.4,6.9,7,6.4,5.8,3.4,2.1,1.3,0.14,-1.6,-3.4,-3.5,-2,-3.5,-5.8,-4.8,-3.2,-4.2,-5.7,-4.9,-5.3,-5.6
null,null,5.6,null,null,null,null,null,null,null,null,null,null,null,null,null,null,null,null,null,null,null,null,null,null,null,null,null,null,null,null,null,null,null,null,-0.94,0.28,0.47,-1.3,-2.4,-4.4,-5.6,-5.6,-7.2,-8.6,-8.8,-9.4,-9.9,-10,-11,-12,-12,-12,-10,-3.3,16,8.6,6.7,16,15,13,12,9.5,7.3,8.1,7.5,6.7,6.9,5.9,6.4,5.2,5,4.9,2.9,1,0.97,-0.66,-1.6,-1.7,-2.3,-5.1,-4.4,-6,-4.8,-6,-5,-5.2,-6.4,-5.6,-5.5
null,null,6.1,null,null,null,null,null,null,null,null,null,null,null,null,null,null,null,null,null,null,null,null,null,null,null,null,-8.9e-16,-0.057,0.55,-0.41,null,-2,null,null,0.93,-0.22,-0.23,-0.68,-3.5,-4.2,-5.3,-6.5,-7.2,-8.6,-8.2,-9.7,-9.4,-9.2,-9.8,-9.3,-10,-9.1,-4.7,3.1,9.9,14,16,16,14,13,12,9.2,7.5,7.3,6.6,5.3,5.7,5.1,5.4,4,5.2,4.3,2.1,1.4,0.93,-0.71,-0.6,-3,-4.8,-5.2,-5.1,-4.7,-5.7,-4.6,-4.9,-5.3,-5.2,-5.4,-5.2
-1.9,-1.4,null,null,null,null,null,null,null,null,null,null,null,null,null,null,null,null,null,null,null,4.2,3.9,3.1,2.7,0.44,-0.47,-1.4,-0.76,-0.13,-1.5,-0.94,-0.55,-1.9,null,null,-1.1,-1.2,-2.6,-2.7,-4.3,-4.9,-5.2,-5.9,-7.5,-8.1,-9,-9,-8.6,-9,-8.1,-7.1,-4.2,-1.4,3.9,10,12,15,15,13,12,10,10,7.9,6.8,6.6,5.2,4.7,4.3,4.6,3.5,4.1,4.2,3.4,0.0062,-0.78,-1.6,-2.9,-5.5,-5.9,-5.2,-4.5,-5.6,-4.8,-4.4,-4.4,-4.6,-5.8,-3.9,-5.3
-1.3,null,null,null,1.6,null,null,null,null,null,null,null,null,null,null,null,null,null,null,null,1.7,3.4,2.6,2.2,0.83,-0.62,-0.36,-0.43,-0.17,-0.83,-2.4,-2.8,-1.7,-0.57,null,null,-0.55,-0.89,-1.1,-1.9,-4,-5.6,-6.4,-6.7,-7.6,-6.7,-8.1,-7.8,-7,-6.9,-6.1,-3.9,-1.7,0.84,4.5,8.9,11,12,10,8.1,11,9.8,7.8,1.9,5.8,6,5.1,3.1,1.5,3.5,3.6,5.6,4.2,2.8,1.7,-0.83,-2.4,-3,-4.7,-4.1,-4.9,-5.5,-3.9,-4.2,-4.5,-5,-5.1,-6,-6.1,-5.4
null,-4,null,null,null,5.9,7.5,null,null,null,null,null,null,null,null,null,null,null,null,2.4,0.94,1.6,0.94,1,0.66,-0.14,-0.14,0.82,1.6,-0.41,-2,-2.3,1.5,0.18,null,null,-0.53,-0.0064,0.11,-1.7,-3.1,-4.4,-4.2,-4.4,-5.3,-7,-6.3,-6.3,-3.6,-3.9,-3.5,-2.5,0.27,3.3,6.2,11,11,11,9.5,3.3,10,9.1,5.8,5.6,4.6,2.8,4.2,1.9,1.1,2.1,3,4.4,5.3,3.4,1.3,-0.6,-1.9,-3.3,-4.1,-4.8,-4.8,-4.8,-5.3,-5,-5.7,-5.9,-6.4,-6.5,-6.6,-6.6
null,-3.8,-4.6,-3.6,null,null,6.3,null,null,null,null,null,null,null,null,null,null,null,null,1.1,0.85,0.95,1.8,0.93,0.92,1,0.75,0.32,0.062,-0.92,0.54,1.9,2.1,1.3,-1.7,null,-0.42,0.0056,-0.35,-0.35,-0.24,-1.9,-2.6,-2.1,-1.8,-2.8,-3.9,-1.7,0.62,-1.5,-1.9,0.45,3,5.4,7,8.9,8.3,7.5,8.2,5.3,8.2,6.6,4.9,4.6,4.4,5.6,3.5,1.2,-0.34,0.54,5.9,3.8,0.62,0.72,-1.1,-2.3,-2.3,-2.6,-4.3,-4.4,-6,-6.8,-6,-5.9,-4.9,-4.5,-4.9,-5.1,-5.2,-5.2
null,-3.6,-4.5,-3.9,null,null,5.2,3.8,null,null,null,null,null,null,null,null,null,null,null,1.3,0.43,0.19,1,0.35,-1.2,-0.87,-1.3,-1.2,-1.8,-0.61,-9.8e-16,2.2,1.9,1.3,0.19,-0.41,1,-0.074,null,0.67,0.76,-0.99,-1.5,-2.2,-1.8,-2.4,-0.43,0.71,-0.37,2,2.1,2.5,3.7,5.3,5.8,7.1,5.8,6.1,8.2,4.9,6.7,6.2,4.1,3.3,2,3.9,5.4,1.9,-0.72,-2.6,0.56,0.25,-0.065,-0.73,-2.4,-3.3,-2.8,-2.3,-3.4,-4.3,-4.8,-6.3,-6,-5.2,-5.6,-4.7,-4.9,-5.5,-6,-4.8
null,null,-2.9,-3.9,-4.7,null,null,0.31,3.7,null,null,null,null,null,null,null,null,null,null,1,0.97,0.12,0.62,0.17,-0.6,-1.1,-1.6,-0.7,-0.69,-1.2,-0.98,0.37,0.43,0.63,0.69,0.26,0.8,0.92,1.3,0.23,-0.37,-1.8,-2.1,-2.3,-1.9,-1.7,-1.4,-0.54,-0.059,0.99,1.7,2,3.4,3.2,3.8,4.6,5.8,7.1,6.5,4.1,5.5,5,4.2,2.6,2.5,2.5,2,2.1,0.57,-2,-1.9,0.55,-0.65,-1.9,-3.4,-3.5,-2.5,-3.9,-4.2,-4.5,-4,-5.5,-5.3,-5.2,-4.8,-4.9,-5.2,-5.3,-4.6,-3.8
null,null,-1.7,-2.6,-3.3,-3.6,null,0.44,3.9,2.1,null,null,null,null,null,null,null,null,null,0.85,0.21,-0.41,-0.9,-0.56,-1.2,-1.5,-0.89,-1,-1.7,-1.7,-2.8,-1.8,0.63,1.1,null,null,1.2,1.2,0.84,0.44,-0.71,null,-1.9,-2.3,-1.3,-0.84,-1.1,-0.66,-0.86,0.12,0.85,1.3,1.8,2.1,3.5,3.3,4.9,7,6.3,5.3,3.2,2.6,8.6,5.2,3.2,2,2.5,1.3,0.081,-1.3,-1.7,-0.86,0.9,-2.2,-2,-2.6,-3,-4.2,-4.2,-4.5,-4.8,-4.8,-5.1,-5.3,-5.4,-4.6,-4.9,-4.8,-4.7,-5
null,null,-1.4,-1.5,-2.6,-3.3,-3.4,-0.22,2.4,0.7,-1.9,null,null,null,null,null,null,null,null,0.78,0.081,-0.48,-1.9,-2.9,-2.6,-2.5,-1.7,-1.7,-2,-1.7,-2.4,-0.72,-0.42,0.1,-2.2,0.47,null,null,null,2.9,1.3,0.2,-1,-1.5,null,-2.5,-0.94,-0.53,-0.013,0.14,0.7,1.3,2.7,3.1,3,4.5,4.2,5.4,3.9,2.4,1.8,1.8,0.46,7.3,3.7,2.6,3,1.6,0.27,-0.73,-1.5,-2.9,-0.63,-2,-2.8,-2.9,-2.8,-3.2,-3.8,-3.8,-4.8,-5.7,-6.5,-6.1,-5.8,-4.4,-4.5,-4.7,-4.7,-5.4
null,null,null,-1.7,-2.1,-2.8,-3,-1.7,-1.1,-0.15,-2.1,null,null,null,null,null,null,null,null,1.7,-1.1,-2,-2.2,-3.8,-3.7,-3.7,null,null,null,null,0.35,0.31,0.48,-0.23,0.59,2.3,4,3.2,null,null,null,1.1,-0.95,null,-0.83,1.4,4.2,0.53,-0.059,1.3,1.9,-2.7,3,3.2,3.6,2.2,4.1,3.3,1.3,1.8,2.9,1.4,3.1,3.3,2.1,2.3,1.8,0.61,-0.64,-0.32,-1.8,-2.8,-3.5,-3.4,-2.4,-2.7,-2.5,-3.7,-4.1,-4.8,-4.8,-5.4,-5.3,-4.9,-5.9,-5.5,-5.1,-4.3,-5.2,-6
null,null,null,-0.38,-0.85,-2.1,-2.8,-2.7,-1.6,-1.3,-2.4,null,null,null,null,null,null,null,null,null,-1.1,-3.6,-3.1,-4.1,-4.4,-4.7,null,null,null,-1.3,-0.39,-1.3,-2.2,-1.3,-1.6,1.1,4.9,4.4,4,null,-1.7,null,3.4,null,-0.54,-1.4,5.5,4.7,0.95,0.76,3.1,2.3,1.9,2.6,2,1.8,1.5,1.1,0.64,1.9,-0.34,3.3,2.6,1.4,1.1,0.47,0.086,-0.77,-0.99,-0.71,-1,-0.79,-2.5,-2.7,-3.5,-2.5,-2.9,-4,-3.9,-5.1,-5.4,-5.9,-6.4,-5.7,-5.7,-5.8,-5.8,-4.5,-4.6,-4.5
null,null,null,-2.7,-1.3,-1.2,-2.1,-2.3,-1.3,-1.3,-1.4,-2.4,null,null,null,null,null,null,null,null,-6.7,-3.9,-4.9,-3.8,-4.4,null,null,null,null,0.51,-0.19,0.35,-1.7,-4.9,-3.4,0.82,4.7,8.7,0.1,1.6,6.1,2.9,2.2,null,null,null,null,null,-0.21,2.5,1.9,1.5,0.51,1.6,1.4,1.7,0.86,2.2,2.4,-1.1,1.4,1.3,1.2,0.36,0.14,-1,-1.7,-1.6,-1.7,-1.8,-1.6,-2.1,-1.8,-2.2,-3.3,-3.4,-3.4,-3.4,-2.8,-3.9,-5,-7,-10,-6.3,-5,-5,-4.8,-4.5,-5.2,-4.7
null,null,null,-3,-2.6,-0.98,-1.5,-1.1,-1.8,-1.2,-1.6,-1.7,-2.2,-0.33,null,null,null,null,null,null,null,null,null,null,null,null,null,null,0.55,-0.91,-1,-1.1,-0.87,-2.2,-1.7,8.3,7.7,7.5,4.9,null,5.4,6.8,-1.7,-0.99,null,null,-0.49,2.9,2.1,null,-0.31,2.3,-0.15,0.63,0.26,-0.56,-7.5e-16,2.4,2,2.4,1.6,1,-0.26,-0.84,-1.8,-1.2,-1.3,-0.87,-2,-2.4,-2.7,-2.4,-2.7,-2.1,-2,-2.2,-2.5,-3,-2.7,-2.9,-2.3,-3,-5.4,-5.5,-4.9,-4.9,-4.7,-4.9,-5.1,-4.4
null,null,null,null,-2.9,-3.2,-2.9,-2.5,-1.6,-1.4,-1.1,-1.8,-1.4,-0.8,-0.26,-0.5,null,null,null,null,null,null,null,null,null,null,null,null,3.5,-0.74,-2.5,-2.8,-3.5,-2.8,-0.87,0.28,5.3,5.8,6.3,2.8,5,2.5,0.34,-2.3,-3.8,-0.72,1.3,2.2,1.7,1.3,1.2,0.11,-0.0083,-0.38,-0.85,-2.2,-0.29,0.72,3.1,1.9,1.1,0.44,-0.39,-1.2,-0.93,-1.6,-2.3,-3.1,-3.1,-3.2,-3.3,-2.9,-3.3,-3.6,-3.4,-3.6,-3.1,-2.7,-2.7,-2.9,-3.3,-3.6,-4.1,-3.6,-3,-3,-3.1,-2.6,-3.1,-3.3
null,null,null,null,-2.6,-1.2,-2.9,-1.9,-2.2,-2,-0.71,-1.1,-2,-0.26,0.04,-0.77,0.54,0.16,null,null,null,-2.9,2,null,null,null,null,null,-0.66,1.3,null,null,-4.7,-3.1,-0.54,0.85,1.8,1.9,1.6,3.4,4.4,2.3,0.87,1.6,-0.092,1.7,2.3,1.6,1.7,2,0.99,0.41,-0.83,-1.2,-1.8,-2.3,0.47,2.7,1.8,1.9,1.4,-0.18,-0.85,-1,-1.8,-3,-3.1,-3.3,-3.3,-3.3,-3.4,-2.3,-3.2,-3.8,-3.6,-3.7,-3.7,-4.4,-3.9,-4.3,-4.9,-5.2,-5.6,-5,-4.1,-4,-4.2,-4.4,-4.3,-3.7
null,null,null,null,0.88,1.2,0.48,-0.55,1.5,-0.1,0.42,-0.59,-0.78,0.015,-0.33,-0.41,0.37,0.78,0.81,-1.7,-0.31,0.52,-0.46,1.2,null,null,null,null,null,null,null,null,null,-2.2,-1.3,1.1,4.4,1.9,-0.46,1.1,2,2.4,-1.9,-1.4,1,1.3,3.1,2.5,1.5,0.77,0.35,-0.12,0.28,0.088,-1.2,null,0.55,1.6,2.1,1.5,0.043,-0.97,-1.7,-1.9,-2.1,-2.6,-3,-3.4,-3,-3,-3.1,-3.1,-3.3,-3.2,-3.4,-4.3,-4.1,-4.8,-4.9,-5.5,-5.8,-7.1,-6.8,-5.9,-5.3,-5.3,-5.3,-5.3,-4.7,-4.6
null,null,null,null,-0.96,-0.7,2.5,1.1,-2.5,-0.13,-0.29,-0.36,-1.2,-0.34,0.33,-0.24,-0.13,-0.093,-0.17,-1.8,-1.6,0.38,1.9,0.086,-1.4,-1.8,null,null,null,null,null,null,null,-1.3,0.48,0.93,1.3,1.2,-1.4,-1.1,-2.6,-5.1,-6.3,-0.71,-1e-15,0.27,1.3,2.3,2.2,0.59,1.7,0.044,-1.7,-1.1,-2.2,null,0.32,0.79,1.1,0.39,0.16,-0.82,-1.7,-1.8,-2.1,-2.7,-3.2,-2.8,-2.5,-2.7,-3.4,-3.3,-4,-4.1,-4,-4.1,-3.9,-3.9,-4.5,-4.3,-5,-6.8,-7.5,-6.2,-5.9,-5.6,-5.5,-5.6,-4.8,-5
null,null,null,null,null,-0.66,-3,3,0.19,-0.58,-0.25,-0.85,-0.57,0.17,-0.68,-0.73,-1,2.1,0.33,-1.6,-0.1,-0.16,0.7,1.1,-0.08,-0.96,-1.8,-1,2.3,null,null,null,null,-0.075,-0.52,-0.87,0.47,-0.27,-2.4,-3.4,-2.9,-4,-2.4,-1.8,-0.38,-0.39,-1.6e-15,0.98,0.27,0.87,0.8,-0.088,-0.41,-2,-1.7,-0.69,0.25,-0.85,0.059,1.5,-0.85,-1.7,-2.1,-2.3,-2.4,-2.2,-2.7,-3,-3.5,-4.4,-4.6,-4.4,-4.1,-4.3,-4.4,-4.3,-4,-4.3,-4,-4,-4.3,-5.5,-6.5,-6.6,-6.3,-5.9,-5.5,-4.8,-5.2,-5.7
null,null,null,null,null,0.67,1.1,-2,1.3,0.019,-4.3,-8.5,-6,-0.5,-5.6,-2.1,0.21,1.1,3,0.48,0.19,-0.9,0.57,0.1,0.36,-0.25,0.24,-1,2,-2.2,null,null,null,-2.6,-1.6,0.099,-0.53,-0.087,-1.4,-3.3,-3.5,-4,-3.3,-1.4,null,-1.4,null,2.8,1.1,-0.48,-0.76,-0.62,0.32,-0.51,-1.9,-0.41,-2.3,-1.2,1.1,2,-0.29,-2.6,-2.9,-3.3,-3.3,-3.6,-3.6,-4.4,-5.3,-5.3,-5.5,-4.6,-4.3,-3.8,-3.9,-3.6,-4.3,-3.9,-3.4,-4.4,-4.1,-4.9,-6.3,-6.3,-5.7,-6,-5.5,-5.4,-5.4,-5.1
-1.2,-2.8,-2.7,-1.8,-1,-1.5,-1,-4,-0.53,1.3,-4.8,-5.9,-2.7,-3.1,3.2,0.87,4.4,1.8,2.3,1.2,0.88,0.87,0.2,0.53,-0.55,-0.49,-0.28,-0.054,-0.2,1.8,2.9,null,null,1.1,-1.4,-0.18,-0.38,-1.1,-1.1,-2.9,-4.1,-3.6,null,null,null,null,null,null,-0.4,-0.65,-1.2,-1.5,null,-1.8,-0.44,-0.64,-2.6,-0.8,2.9,2.7,0.54,-0.25,-2.9,-3.6,-3.9,-4.5,-4.3,-4.9,-5.7,-5.6,-4.1,-3.7,-3.2,-1.8,-2.7,-2.8,-3,-3.6,-4.3,-4.4,-4,-5.2,-5.9,-6.1,-5.1,-6,-5.1,-5.3,-5.2,-5
-0.85,-0.32,-1.8,-1.2,-1.8,-0.9,-1,1,-1.4,-0.63,-2,-4.4,-2,-1.3,1.6,1.6,4.2,3.6,3.2,4.3,3.3,3.5,1.3,-0.7,-0.4,-0.48,-0.68,-2.4,0.76,2.2,-0.14,null,null,null,-0.98,0.059,-2.1,-0.2,-1.7,-1.9,-3.8,null,null,null,null,null,null,null,null,null,null,null,null,null,-0.48,-1.7,-2.1,-0.85,1.4,0.38,0.17,1.6,1.2,-4.5,-3.7,-1.7,-1.7,-1.8,-2.5,-3.1,-3.5,-2.5,-2,1.3,2.4,0.62,0.04,-2.1,-4.3,-4.4,-5.1,-5.4,-6.9,-6.2,-5.8,-5.9,-4.9,-4.6,-4.7,-5.1
-0.23,-3.5,-3.2,-2.1,3.4,3.6,-0.79,5.2,3.2,-0.19,-0.47,0.4,-1.3,2.1,3.4,5.6,4.8,3.1,3.8,6.4,5.4,4.9,2.4,1.9,-0.31,0.88,1.1,1.1,0.98,1.8,1.5,1.6,null,null,null,-0.15,null,null,null,-2.8,null,null,null,null,null,null,null,null,null,null,null,null,null,null,null,null,-2,-2.2,-4.6,-5.1,-1.6,-3.5,1,4.4,-1.9,-1.5,-1.5,-1.6,-3.1,-4.3,-2.6,-0.5,1.3,3.8,3,0.5,-0.028,-1.1,-2.2,-2,-3,-4.5,-6.4,-6.1,-6,-6,-5.3,-4.9,-4.2,-4.3
0.55,-0.46,-3.7,-1.9,0.26,7.7,2.8,6.8,3.8,0.41,2.6,3.4,2,3.2,4.8,4.6,4.2,2.1,7,7.1,5.9,5.1,3.7,3.3,-6.9,3.9,1.1,1.4,2.9,1.8,1.6,2.7,1.5,0.56,null,null,1.2,3.4,null,null,null,null,null,null,null,null,null,null,null,null,null,null,null,null,null,null,null,null,-7.6,-4,-3.2,-4.2,-3.5,3.4,-0.75,0.8,-0.63,-0.92,-1,-1.2,0.42,1.2,3.5,4.4,1.9,1.7,1.1,0.35,-1.1,-2.2,-2.6,-1.9,-3.8,-4.8,-6.3,-5.5,-6.2,-5.7,-5.4,-5
3.3,-0.22,-2.8,-1.4,-4.5,7.5,6.4,5.7,5.3,6,5.5,4.5,1.1,7.7,6.9,7.6,4.8,6.8,8.1,7.5,7.6,6.4,6.8,6.1,4.8,6,4.4,4.8,4.7,3.7,2.9,2.7,2.5,2.1,2.4,0.84,3,2.3,-0.78,null,null,null,null,null,null,null,null,null,null,null,null,null,null,null,null,null,null,null,-3.1,-2.4,-3.3,-3.1,-2.6,-1.3,-0.2,-0.89,-1.5,-3.2,-1.9,-1.3,0.82,1.6,3.5,3.6,4.6,2.5,0.37,-0.075,-0.53,-1.2,-0.95,-1.2,-0.98,-2.4,-3,-7,-9.4,-3.5,-5.4,-4.9
1.8,6.1,5.2,5,5.9,7.6,null,6.5,6.6,6.5,6.6,7.2,7.3,7.3,2.4,7.6,7.7,8.2,7.4,7.7,7.5,7.1,7.3,6.8,6,6.6,6.2,6.4,6.2,4,3.4,4,4.3,3.7,3.5,2.4,2.5,1.3,0.17,null,null,null,null,null,null,null,null,null,null,null,null,null,null,null,null,null,null,null,null,null,null,-3.8,-1.6,-1.1,-0.68,-0.66,-2.7,-2.7,-2.1,-0.35,0.88,3.4,3.6,2.8,0.2,1.3,0.45,1.1,0.79,0.069,-1.2,-0.53,2.5,0.94,-1,-0.69,-0.49,-3.6,-3.2,-3.2
5.7,5.6,0.036,4.4,6.9,6.5,6.8,5.7,5.6,6.3,7,7.3,7.1,6.9,6.7,7.1,7.8,8,8.1,7.2,7.5,6.6,6.7,5.7,6.7,6.9,7.2,6.5,5.5,5.1,4.2,3.7,6.5,4.8,3.7,3.4,3.2,1.7,-0.056,null,null,null,null,null,null,null,null,null,null,null,null,null,null,null,null,null,null,null,null,null,null,null,null,null,-2.3,-2.5,-3.5,-2.4,-2.3,-0.36,1.4,2.1,3.2,2.4,0.65,0.93,0.33,0.33,0.33,0.23,0.96,1.8,-0.21,1.4,0.81,-2.4,1.3,0.77,2,6.6
6.3,5.7,6,5.9,6.4,6.9,6.9,5.5,5.8,7,3.9,6.6,5.9,6.5,6.6,6.6,6.7,0.093,7.3,7.2,7.3,7.4,7.4,5.9,6.6,6.9,6.7,6.7,5.7,5.7,6.2,5.5,6.2,5.8,4.6,5.1,3.7,1.5,-0.71,null,null,null,null,null,null,null,null,null,null,null,null,null,null,null,null,null,null,null,null,null,null,null,null,null,null,1.5,-2.1,-1.8,-0.39,2,2.2,2.8,3.3,3.1,3.6,2,-0.099,1.4,2.6,1.1,0.15,-4.3,-2.1,0.37,0.56,-1.6,1.1,2.5,2.5,1.2
6.3,6.4,5.7,5.9,5.7,5.8,4.6,4.7,5.7,5.1,6.2,6.2,6.2,6.2,6,6.1,6.2,6.7,7.2,7.3,2.1,6.5,7.7,6.8,5.4,6.6,-0.00088,5.5,5.6,5.6,4.2,5,7.2,6.9,6.1,5.4,4.4,2.3,0.85,null,null,null,null,null,null,null,null,null,null,null,null,null,null,null,null,null,null,null,null,null,null,null,null,null,null,-6.8,-1.9,0.48,2.2,2.5,2,2,2.9,3.3,3,2.8,1.8,2.2,2.6,2.4,2.3,-1.4,-2.6,-0.63,-0.27,3,2.4,3.1,3.8,3.9
6.6,5.6,5,4.8,4.9,3.8,4.8,3.8,4.1,5.6,5.5,6.1,6.5,3.1,2.6,6.1,6.3,6.9,6,6.3,6.5,6.4,-1.5,5.5,-0.69,0.64,5.5,5.7,5.7,5.5,6,5.9,6.6,6.9,6.7,4.9,1.9,2.3,null,null,null,null,null,null,null,null,null,null,null,null,null,null,null,null,null,null,null,null,null,null,null,null,null,null,null,null,0.91,0.44,0.99,1.1,1.3,1,1.6,2,2.5,2,2.6,2,2.1,2.3,2.6,3.3,1.9,0.12,0.67,0.79,3.1,3.6,3.1,3.8
3.9,3.3,4.4,4.3,2.6,2,3.8,null,3.2,4.2,5.2,6,5.7,6.1,6.3,5.7,6,5.5,5.3,5.5,5.9,5.8,6.3,5.7,1.7,4.7,5.3,6,5.7,5.3,5.6,5.3,4.8,5.4,4.5,4.4,3.8,null,null,null,null,null,null,null,null,null,null,null,null,null,null,null,null,null,null,null,null,null,null,null,null,null,null,null,null,null,-4.3,-3.1,-1.9,-0.23,-0.24,0.016,0.88,1.1,1.5,1.8,1.9,0.93,2.6,2.8,2.9,2.4,3,1.2,1,2.1,2.1,3.4,4.4,3.6
1.5,0.71,1.3,0.38,0.55,0.89,1.5,3,3,3.3,4.2,4.8,5.2,5.5,5,5.7,5.9,4.8,4.1,4.5,4.4,4,4.1,2.2,5,7.4,0.21,5.2,5.4,4.7,5.6,4.4,4.5,4.4,4.4,2.7,null,null,null,null,null,null,null,null,null,null,null,null,null,null,null,null,null,null,null,null,null,null,null,null,null,null,null,null,null,null,null,-3.7,-3.4,-3.1,-1.9,-1.5,-1.6,-1.3,0.6,0.82,1.1,0.58,1.4,1.8,2.5,2.1,3.1,3.4,2.2,1.6,1.6,3.1,3,3.5
1.5,0.33,0.55,0.64,2.1,1.1,1.9,2.1,3.3,2.3,2.6,3.2,2.9,3.4,4.3,5,4.9,4.3,3.1,2.2,1.5,2.6,1.8,1.9,4,3.9,5.4,5.8,4.6,3.4,4.3,-0.48,5.2,5.2,4.5,null,null,null,null,null,null,null,null,null,null,null,null,null,null,null,null,null,null,null,null,null,null,null,null,null,null,null,null,null,null,null,null,null,null,null,-2.8,-4.7,-4.5,-3.5,-1.6,-0.15,0.065,0.73,1.5,2,2,1.8,2.2,3.5,3.1,3,2.3,1.9,2.9,3.4
0.58,1.3,1,1.5,1.6,1.8,3.1,1.6,2.8,3,2.7,2,2.9,3.5,2.3,2.2,3.2,3.7,3.3,1.8,2.4,1.3,3,2.9,1.8,1.1,1.8,2.4,0.0064,1.7,4,4.9,5.7,6.4,6,null,null,null,null,null,null,null,null,null,null,null,null,null,null,null,null,null,null,null,null,null,null,null,null,null,null,null,null,null,null,null,null,null,null,null,null,null,-6,-5.8,-4.1,-2.4,-0.34,0.38,0.89,1.9,2.5,2.6,1.7,2.7,2.8,2.3,2.2,2.6,2.8,2.8
2.3,2.2,1.8,2,3.3,2.7,2.9,2.3,null,2.6,3.2,3.5,3.5,3,3,3.6,3.2,3.7,4.3,5.1,3.5,4.1,4.3,3.8,3,1.9,1.2,3.4,4.3,4.8,3.8,5.5,6.2,7.1,7.7,5.6,null,null,null,null,null,null,null,null,null,null,null,null,null,null,null,null,null,null,null,null,null,null,null,null,null,null,null,null,null,null,null,null,null,null,null,null,null,null,null,null,null,-1.2,-0.51,1.4,2.7,2.3,3,3.4,3.6,2.7,2.7,2.2,2.5,2.4
0.94,2.5,3.7,3.5,2.8,3.9,4.7,3,2,4.3,3.9,4.1,4.1,3.7,3.5,4.8,4.3,5.2,5.5,4.7,5,4.1,4.3,4.3,3.9,3.8,3.8,4.5,5.2,4.6,4.7,4.9,6.7,7.4,7.2,null,null,null,null,null,null,null,null,null,null,null,null,null,null,null,null,null,null,null,null,null,null,null,null,null,null,null,null,null,null,null,null,null,null,null,null,null,null,null,null,null,null,null,-1.7,-0.52,1.7,2.1,1.7,2.7,2.9,3.3,2.5,2.1,3.2,1.3
