atlas/src/main/webapp/resources/data/climatologia/glb-vsm.json
{"header": {"discipline":0,"disciplineName":"Meteorological products","gribEdition":2,"gribLength":269702,"center":98,"centerName":"INPE-Brazil","subcenter":0,"refTime":"2020-10-22T15:00:00.000Z","significanceOfRT":0,"productStatus":0,"productType":2,"productDefinitionTemplate":0,"parameterCategory":2,"parameterNumber":2,"parameterNumberName":"U-component_of_wind","parameterUnit":"m.s-1","genProcessType":0,"forecastTime":0,"surface1Type":1,"surface1Value":0,"surface2Type":255,"surface2Value":0,"numberPoints":65341,"shape":0,"gridUnits":"degrees","resolution":48,"winds":"true","scanMode":64,"nx":361,"ny":181,"basicAngle":0,"lo1":-180,"la1":-90,"lo2":180,"la2":90,"dx":1,"dy":1}, "data":
[rows 38 to 75 of 181, columns 0 to 86 of 361]
-6.4,-7.4,-8.2,-8.1,-1.2,7.8,-7.7,9.2,5,-0.6,0.31,1.1,1,-3,3.2,4.6,5.6,4.5,-1.5,-0.45,0.65,3.5,2.6,2.7,4,5,4.7,5,5.1,5.2,5.3,6,6.7,7,6.6,6.8,8.3,8.6,7.4,7,5.9,-4.7,-2.9,-8.8,-10,-10,-6.1,-0.14,-1.3,-0.6,-1.7,-5.1,null,null,null,null,null,null,null,null,null,null,null,null,null,null,null,null,null,null,null,null,null,null,null,null,null,null,null,null,null,null,null,null,null,null,null
-3,5.8,5.4,-2.6,3.6,2.9,-11,8.5,9.6,9.6,10,-1,-2,-0.48,2,4.1,5,7.4,-0.37,-0.79,-0.21,0.89,1.7,2.3,3.5,4.5,5.3,4.9,5.6,6.1,6.4,6.6,7.4,7.9,8.5,8.9,9,9.4,8.8,8.1,7.3,5.2,4.9,1.9,-2.4,-5,-5.9,-3.3,-0.29,0.16,0.53,-1.7,-4.8,null,null,null,null,null,null,null,null,null,null,null,null,null,null,null,null,null,null,null,null,null,null,null,null,null,null,null,null,null,null,null,null,null,null
9.2,8.4,6.1,0.42,5.3,9.3,8.2,8.9,9.3,10,11,12,2.4,-1.3,0.11,3.5,5.4,7.3,8.4,-0.72,-0.34,-2.3,1.4,1.9,2.3,3.9,4.5,4.7,4.5,5.4,6.7,6.9,7.3,7.8,8.8,8.8,9.5,9.7,9.6,7.2,6.6,6.4,4.8,4.3,2.7,0.25,-1.7,-2.2,0.38,2.6,1.4,-0.82,-1.5,null,null,null,null,null,null,null,null,null,null,null,null,null,null,null,null,null,null,null,null,null,null,null,null,null,null,null,null,null,null,null,null,null,null
-6.4,4.9,5.7,9.4,7.2,10,7.3,8.1,8.7,9.5,11,11,3.3,1.5,1.2,3.4,5.4,6.9,6.8,0.0069,-0.42,0.29,1,1.6,2.1,3.2,3.2,2.8,2.7,3.8,5.2,5.2,6.1,6.9,7.6,8.2,9.2,9.7,9.5,7.8,7.2,5.3,5.2,5.6,5.2,3.4,0.93,1.2,3.2,1.6,1.1,1.9,1.7,2,-2.3,null,null,null,null,null,null,null,null,null,null,null,null,null,null,null,null,null,null,null,null,null,null,null,null,null,null,null,null,null,null,null,null
-10,-8,4.6,10,10,5.3,5.3,null,7.6,9.4,9.6,11,4.9,4.3,1.2,3.7,5.4,6.6,6.3,0.38,1.2,0.85,1.6,2.4,2.6,1.5,1.1,1.3,2.1,3.3,4.6,4.5,4.4,5.9,6.7,6.8,7.4,8.5,7.9,8.2,6.6,6.4,6.1,6.1,5.9,3.2,3.3,2.3,2.9,3,2.7,2.3,3,2.3,3.1,-3.1,null,null,null,null,null,null,null,null,null,null,null,null,null,null,null,null,null,null,null,null,null,null,null,null,null,null,null,null,null,null,null
11,6.2,5.8,8.3,9.3,5,6.6,null,7.7,8.9,10,11,6.5,6.2,2.3,4.4,5.8,6,5.6,0.35,1.2,1.3,1.8,1.2,1.4,0.9,1.2,1.4,2.3,3.1,3.3,3.6,4.1,4,4.4,5.9,6.7,7,6.6,7,6,5.6,6.1,5.3,5,4.5,3.8,2.9,3.1,2.4,2.4,1.2,2,1.2,1.1,1.5,null,null,null,null,null,null,null,null,null,null,null,null,null,null,null,null,null,null,null,null,null,null,null,null,null,null,null,null,null,null,null
19,16,13,14,14,9.4,9.6,null,8.3,8.3,9.9,10,7.4,6.9,3.8,3.9,6.3,5.7,3.8,7.5,1.9,1.6,1.7,0.96,1.1,1.4,1.4,2.5,2.8,2.5,3.1,2.1,3.3,2.8,4.3,4.9,6.1,5.6,5.6,5.9,5.1,5.4,3.7,4.6,3.7,3.7,3.1,2.3,1.7,1.2,0.63,1.5,-0.65,-0.81,-0.48,0.81,null,null,null,null,null,null,null,null,null,null,null,null,null,null,null,null,null,null,null,null,null,null,null,null,null,null,null,null,null,null,null
18,17,15,15,12,11,9.6,null,null,9.1,8.8,9.1,7.4,6.6,4.5,4.4,6.2,6,-0.11,1.4,2.2,2,2.9,1.2,0.95,0.45,1.2,1.8,1.7,1.8,2.4,2.8,2.8,3,4.2,3.6,3.5,3.5,4.8,4.3,3.7,3.8,3.6,3.1,2.7,2.7,1.6,0.65,0.69,-0.49,-0.43,-1.2,-2.5,-2.2,-1.6,-1.9,null,null,null,null,null,null,null,null,null,null,null,null,null,null,null,null,null,null,null,null,null,null,null,null,null,null,null,null,null,null,null
18,17,16,16,13,12,9.2,10,null,8.4,8.4,7.7,7.9,6.6,3.8,5.1,6.6,5.5,1.3,2.3,2.4,3.6,2.8,0.51,1.3,-0.74,4.4,2.2,2.3,1.6,1.8,2.3,1.7,1.3,4.4,2.5,1.6,2.1,3.7,3.1,3,3.9,2.8,2.2,2.4,1.3,0.45,-0.51,-0.97,-2.1,-2,-3.6,-3.2,-3.4,-3,-4.3,null,null,null,null,null,null,null,null,null,null,null,null,null,null,null,null,null,null,null,null,null,null,null,null,null,null,null,null,null,null,null
16,16,16,16,14,11,9.9,10,null,8.1,7.1,7.9,8,5.4,4.4,4.4,7,2.5,3,1.9,3.2,2.3,0.54,0.61,0.87,1.4,1.5,1.4,0.73,1.4,1.2,1.4,0.75,-0.21,-0.17,0.54,1.5,1.2,1.3,0.82,1.6,3.5,1,-2.3,1,0.46,-1,-2.6,-2.7,-3,-3.7,-4.2,-4.2,-4.9,-5.3,-5.4,null,null,null,null,null,null,null,null,null,null,null,null,null,null,null,null,null,null,null,null,null,null,null,null,null,null,null,null,null,null,null
17,16,15,15,14,11,9.5,9.3,null,null,6.5,7.5,4.6,4.9,4.7,5.4,4.8,3,4.3,4.3,2.4,0.57,1.5,0.5,0.66,0.34,-4.8,-0.31,0.85,0.72,0.62,-2.7,-0.049,-1,-0.064,-0.86,-1.4,0.46,-0.0039,0.12,1.2,1.2,-0.32,-0.75,-0.2,-0.53,-2.3,-3.6,-4,-3.7,-4,-4.9,-4.7,-5.2,-5.4,-0.97,null,null,null,null,null,null,null,null,null,null,null,null,null,null,null,null,null,null,null,null,null,null,null,null,null,null,null,null,null,null,null
14,14,14,14,12,11,8.7,8.2,null,null,5.1,5.7,5.1,4.6,4.1,4.7,2.5,2.9,3.9,4.2,3,0.72,0.63,0.82,-0.9,-1.5,-1.4,-0.23,-1.2,-0.39,-1.4,-2.1,-2.3,-2,-1.1,-0.93,-1.8,-1.7,-1.2,-0.54,-1.1,-0.75,-1.2,-1.6,-1.4,-2.6,-3.4,-4.3,-4.7,-4.6,-5.2,-5.3,-5.1,-4.2,-3.2,0.78,null,null,null,null,null,null,null,null,null,null,null,null,null,null,null,null,null,null,null,null,null,null,null,null,null,null,null,null,null,null,null
13,14,13,12,9.2,9.2,8.1,7.2,null,null,4.4,4,4.1,4.1,4,4.3,2.9,3,4.7,3.6,1.6,0.0081,-0.25,0.58,-2.3,-1.7,-1.4,-2,-2.9,-2.3,-2.4,-3,-3.8,-3,-2.7,-2,-3,-2.3,-2,-2.1,-2.9,-3,-3.3,-3.9,-3.9,-4.3,-4.6,-4.8,-5.3,-5.3,-5.2,-5,-4.3,-2.5,0.42,1.4,null,null,null,null,null,null,null,null,null,null,null,null,null,null,null,null,null,null,null,null,null,null,null,null,null,null,null,null,null,null,null
12,12,11,9.1,7.9,6.9,5.5,4.4,null,null,2.7,3.5,3.2,4,4.7,3.1,3.4,3.5,3.5,3,3.3,2.2,-1.5,-1.6,-2.2,-2.3,-3.4,-3.8,-3.8,-3.5,-2.4,-3.1,-5.5,-3.8,-4.2,-4,-3.9,-3.5,-4,-4.4,-4,-4.3,-4.9,-5,-6.2,-5.6,-5.7,-5.6,-6,-5.8,-5.5,-4.8,-3.6,-1.9,2.5,3.6,4,null,null,null,null,null,null,null,null,null,null,null,null,null,null,null,null,null,null,null,null,null,null,null,null,null,null,null,null,null,null
8,8.7,7.4,7.3,5.7,4.7,2.8,3.8,4.2,null,null,2.7,3,3.9,4.4,4.1,3.1,2.9,2.6,2.2,2.2,-1.6,-3.1,-2.7,-4.7,-5.1,-4.6,-3.9,-4.3,-4.3,-3.5,-4.7,-6.2,-5.2,-5.1,-6.1,-5.2,-5.5,-5.4,-6,-6.4,-5.6,-6.1,-6.7,-7,-6.4,-5.8,-5.8,-6.5,-6.3,-5.9,-5.2,-2.3,0.45,3.2,5.2,5.4,2.7,null,null,null,null,null,null,null,null,null,null,null,null,null,null,null,null,null,null,null,null,null,null,null,null,null,null,null,null,null
6.1,6,4.3,4.7,2.9,1.6,1.3,2.9,3.4,null,2,1.6,2.5,3.1,3.3,3.1,2.2,0.64,-0.52,0.91,-1.6,-0.15,-1.5,-3.2,-7.3,-6.1,-5.9,-4.9,-3.9,-5.2,-4.6,-5.8,-7.3,-7.2,-6.8,-6.4,-6.4,-6.8,-7.1,-8,-7.7,-7.3,-7.7,-7.8,-7.6,-6.9,-6.1,-6.3,-6.9,-6.3,-5.6,-4.9,-2.3,0.72,3,4.5,3.7,2.6,null,null,null,null,null,null,null,null,null,null,null,null,null,null,null,null,null,null,null,null,null,null,null,null,null,null,null,null,null
2.7,1.5,0.61,-0.038,0.93,0.1,-0.34,1.1,6,null,-0.64,0.59,2.7,2.6,3.8,1.5,0.43,1.1,-0.72,-2.8,-2.6,-2.9,-2.9,-4.3,-4.9,-7.4,-7.5,-5.5,-5.1,-5.2,-5.7,-7.1,-7.8,-8,-8.2,-7.7,-7.5,-8.4,-8.1,-7.5,-8.5,-8.7,-8.8,-8.5,-8.2,-7.3,-6.7,-6.9,-7,-6.3,-5.8,-4.5,-1.5,0.51,2.8,4.5,3.9,2.1,-3.2,null,null,null,null,null,null,null,null,null,null,null,null,null,null,null,null,null,null,null,null,null,null,null,null,null,null,null,null
-2.8,-1.8,-1.7,-0.24,-1.3,-1.5,-0.34,4.7,4.2,null,-1.3,4.2,2.2,2.5,2.4,1.4,-0.98,-1.8,-1.8,-3.8,-3.2,-2.5,-4.6,-4.7,-5.7,-6.2,-7.1,-7.3,-5.8,-5.9,-6.2,-8.4,-8.1,-8.5,-8.5,-8.2,-8.8,-8.7,-8.6,-8.2,-8.9,-9.2,-9.2,-8.8,-8.9,-7.7,-7.2,-7.4,-6.8,-6.1,-5.6,-4.2,-1.3,0.46,3,3,3.7,2.7,1.5,-2.1,null,null,null,null,null,null,null,null,null,null,null,null,null,null,null,null,null,null,null,null,null,null,null,null,null,null,null
-4.3,-3.3,-1.6,-0.73,-0.52,4.7,4.3,4.8,5,null,3.6,4,1.3,1.8,-0.91,-1.5,-3.4,-4.1,-4.1,-4.6,-3.4,-3.8,-5.8,-4.6,-5.5,-8.5,-7.7,-6.9,-7.1,-6.2,-6.8,-8.2,-8.7,-9.9,-9.3,-8,-8.7,-9,-9.1,-8.2,-8.9,-8.6,-8.9,-8.8,-7.9,-7.5,-7.2,-7.1,-6.8,-5.9,-5.2,-3.5,-2.2,-0.29,2.8,2.9,2.8,3.5,2.4,-0.16,-0.54,null,null,null,null,null,null,null,null,null,null,null,null,null,null,null,null,null,null,null,null,null,null,null,null,null,null
-6.3,-3.6,-0.8,4.6,5.8,5,4.3,2.8,2.6,3.3,3,2.7,0.28,0.24,-1.5,-1.9,-4.6,-4.8,-4.8,-5,-3.5,-6.6,-6.2,-3.6,-3.6,-5.6,-6,-5.9,-7.7,-7.8,-6.9,-6.5,-7.2,-8.2,-9.4,-8.9,-8.4,-8.6,-9.3,-8.8,-8.5,-8.6,-8.8,-8.9,-7.9,-7.5,-6.8,-6.7,-6.3,-5.6,-4.3,-3.2,-2,0.51,2.4,2.6,3,3.2,3.5,2.6,0.61,0.54,-0.78,null,null,null,null,null,null,null,null,null,null,null,null,null,null,null,null,null,null,null,null,null,null,null,null
-4.9,2,4,3.9,4.2,4.3,4,3.6,2.3,3,0.96,0.94,-0.63,-0.66,-1.7,-3.1,-4.8,-4.4,-5.5,-4.6,-7.3,-5.7,-6.3,-5.2,-4.6,-4.9,-5.6,-6.1,-8,-8.6,-7.7,-7.1,-7.1,-6.8,-7,-8.4,-9.3,-9.1,-8.1,-8.2,-7.4,-8.5,-7.6,-8.2,-7.6,-7.3,-6.9,-6.3,-5.6,-4.9,-4,-3.1,-0.87,0.053,1.5,1.8,2.3,3,3.6,2.7,2.9,2.5,1.5,2,null,null,null,null,null,null,null,null,null,null,null,null,null,null,null,null,null,null,null,null,null,null,null
2,3.3,3.5,2.8,3.3,2.4,2.3,2.7,2.3,1.1,-0.66,-0.36,-0.014,-0.89,-0.89,-2.3,-4,-3.9,-4.6,-4,-5.5,-3.6,-4.1,-1.1,-5.8,-4.6,-5.2,-7.1,-5.2,-8.1,-7.9,-7.9,-6.8,-6,-6,-5.8,-6.2,-8.4,-8,-6.8,-6.8,-7.8,-7.3,-6.6,-5.3,-5.5,-6.2,-6,-5.7,-4.4,-3.5,-2.4,-0.78,0.65,1.7,1.4,2.8,3.5,3.3,2.9,3.4,3.1,2.7,1.8,null,null,-2.6,null,null,null,null,null,null,null,null,null,null,null,null,null,null,null,null,null,null,null,null
3.1,3.2,0.82,0.94,0.52,0.87,1.6,0.71,0.76,0.78,-0.39,-0.51,0.4,-0.094,-0.6,-1.7,-3.2,-3.8,-7.8,-7.7,-6.7,-4.4,-3.6,-3.2,-5.5,-5.5,-6.6,-5.9,-6.5,-7.5,-7.8,-7.3,-6.5,-6.9,-5.7,-5.1,-4.5,-5.4,-7.1,-6.6,-6.7,-6.2,-5.5,-5.9,-5.6,-5.1,-5.5,-6.1,-5.7,-4.4,-3.9,-2.4,-0.68,0.99,1.8,2.8,2.6,2.6,2.6,2.6,2.5,2.7,2.9,2.4,-3.5,null,1.4,-3,null,null,null,null,null,null,null,null,null,null,null,null,null,null,null,null,null,null,null
0.74,0.83,1.1,-0.14,0.51,0.65,-0.31,0.8,-0.098,0.41,0.042,0.27,0.35,1,-0.62,-1.5,-1.5,-2.7,-3.5,-9.1,-7.1,-6.4,-8,0.14,-8.3,-8.3,-8.2,-6,-7.1,-6.5,-6.7,-9,-5.3,-5.7,-6.3,-6.1,-5,-4.8,-5.3,-6,-7,-6.2,-5.6,-4.7,-3.9,-3.2,-3.4,-3.7,-4.7,-4.8,-3.9,-2.5,-0.96,0.74,0.67,2.2,2.1,2,3.6,2.6,2,2,1.6,3,2,2.8,null,-1.2,null,null,null,null,null,null,null,null,null,null,null,null,null,null,null,null,null,-5.2,-6.3
0.76,0.86,-1.5,-2.3,-1.3,-0.25,-2.3,-1.8,-1.3,-0.026,0.15,-0.11,0.56,1.1,1.5,0.68,-0.12,0.22,-0.45,-0.89,-8.2,-10,-7.3,-2.2,-6.3,-7.4,-7.8,-7.4,-6.6,-5.8,-6.2,-7.7,-6.8,-6.8,-6.3,-5.5,-5.3,-5,-5.1,-6,-6,-5.5,-5.6,-5.4,-4.8,-4.5,-4.2,-4.4,-4.5,-4.1,-4.5,-2.9,-1.1,0.31,0.21,1.1,2.1,2.7,3.7,3.1,2.8,3.4,3.4,3.1,2.2,null,null,null,2.4,null,null,null,null,null,null,null,null,null,null,null,null,null,null,-6.2,-5.6,-6.2,-6.2
0.97,-0.019,1.7,0.21,0.22,-0.92,-1.7,-2.1,-0.74,-0.38,0.13,-0.7,0.081,1.6,1.8,2.4,2.5,1.2,-0.95,0.29,-4.8,-7.9,-10,-3.5,-9.3,-6.2,-6.9,-7.6,-7.9,-6.7,-7.9,-8.6,-8.3,-8.2,-7.7,-6.7,-6.4,-6.3,-5,-7.1,-6.7,-6.1,-6.1,-4.7,-5.1,-5.2,-5,-4.9,-4.8,-4.3,-2.8,-2.5,-2.1,null,-0.56,1.2,1.8,2.6,2.5,2.4,2.8,3.6,3.5,3.4,1.5,2.5,null,null,null,-0.011,-3.5,null,null,null,null,null,null,null,null,null,null,null,null,-4.7,-6.4,-6.7,-5.9
null,-1.3,-1.4,-0.56,0.49,-1.1,-1.5,-2.7,-1.3,-1.3,-0.07,-0.16,0.27,1.7,1.4,1.4,2,1.9,3.4,2.9,-1.6,3.3,-3.1,-2.6,-7.3,-8.8,-5.2,-5.6,-6.5,-7,-7.7,-11,-8.9,-9.2,-9.2,-8.5,-7.9,-7.1,-5.5,-7,-7.3,-6.4,-5.7,-4.9,-4.8,-4.8,-4.9,-5.7,-4.7,-5.3,-3.8,-3.9,-3.1,null,-0.81,0.42,0.29,2.4,2.1,2.2,3,2.9,2.3,1.7,1.9,1.8,1.6,1.6,null,0.35,-0.76,null,null,null,null,null,null,null,null,null,null,null,null,-4.3,-5.6,-6.7,-6.1
null,-2.1,-2.9,-3.5,-3.3,-2.9,-1.4,-2.2,-2.6,-2.2,-0.72,-0.26,0.52,1,2.1,2.4,3,5.8,5,6.2,4.2,3,-1.2,-1.3,-1.9,-5.4,-6.8,-4.7,-6,-6.4,-6,-7.4,-7.5,-10,-9.6,-9.7,-8.6,-8.4,-7.5,-6.5,-7.3,-6.2,-6.2,-4.9,-5,-5,-4.8,-4.7,-5.7,-4.7,-4.5,-4.5,-3.7,null,-1.9,-0.76,1,1.8,2.1,2.6,2.6,1.7,1.5,1.6,1.5,1.5,1.5,2.8,null,null,4.2,1,null,null,null,null,null,null,null,null,null,null,null,-2.7,-4.4,-5.5,-5.1
null,-3.7,-3.8,-3.4,-3.3,-3.3,-1.4,-2.7,-2.7,-2,-1.5,-0.8,0.69,2,2.1,4.3,4.5,4.2,5.6,7.1,4.1,1.3,-0.4,-1.3,-1.2,-1.5,-4.7,-4.9,-5.3,-5.1,-6.1,-6.9,-8.7,-9.4,-10,-9.4,-9.6,-8.3,-7.8,-6.9,-7.2,-6.2,-5.5,-5.7,-5.7,-5.8,-6.3,-5,-3.7,-4.9,-5.3,-4.8,null,-2.4,-2,-0.59,0.22,0.39,0.9,1.6,1.7,0.76,1.7,1.7,1.6,0.97,1.8,2.2,2.9,3.1,null,-4.2,1.1,null,null,null,null,null,null,null,null,null,null,2.1,-1.7,-3.8,-4.2
null,null,-4.2,-3.9,-3.5,-3.6,-2,-2.4,-3.6,-2.1,-0.86,-0.41,-0.36,0.97,3,3,3.5,6.1,5.4,4.4,3.7,1.6,-2.3,-0.89,-0.6,-3.5,-2.6,null,-4.5,-4.6,-6.3,-6.5,-8.5,-9.6,-10,-9.6,-9.4,-9,-7.7,-7.6,-6.4,-6.4,-6,-6.1,-6,-6.5,-6,-5.5,-4.8,-5.2,-4.4,-3.4,null,-2.8,-1.1,-2,1.1,-0.3,0.072,0.56,0.57,0.47,1.1,1.3,1,0.85,1.1,1.5,2.3,2.3,null,-2.2,0.66,0.47,null,null,null,null,null,null,null,null,null,4,0.51,-1,-3.2
null,null,-3.9,-4.5,-3.3,-3.9,-3.1,-3.2,-4.2,-4.1,-0.73,-1.4,0.34,2.6,3.5,3.8,4.1,3.2,3.2,2.8,2.1,2,2.7,-2,-2.5,-2.6,-3.3,null,-4.9,-4.6,-6.3,-7.2,-8.3,-8.9,-10,-10,-9.9,-9.1,-8.3,-8.4,-7.3,-6.9,-6.1,-6.1,-6.5,-6.7,-6.4,-6.1,-5.9,-5.6,-4.7,-4.2,null,-3.9,-2,-3.2,-2,-1.9,-1.6,-1.4,0.17,0.29,1.2,1.2,1.3,0.68,0.42,1.2,2.4,3.2,4.4,4.7,1.9,0.4,-2,null,null,null,null,null,null,null,null,4.4,3.7,2.5,-1.7
null,null,-4.5,-4.6,-4.1,-3.9,-1.9,-0.64,-1.1,0.05,0.91,0.23,0.61,0.36,0.76,0.96,1.1,1.4,1.3,1.9,1.3,-0.97,-0.58,null,-2.6,-2.8,-3.1,-3.6,-4.5,-5.6,-7.8,-6.4,-8.8,-9.7,-10,-11,-9.5,-9.5,-8.2,-8.4,-7.6,-7.4,-6.8,-6.5,-6.8,-7.1,-7.3,-6.8,-6.3,-6,-5.7,-6.6,null,-4.6,-3.8,-3.8,-3.4,-2.1,-2.7,-2.2,-1.6,-0.51,0.63,0.72,0.48,0.63,0.027,1.2,2.7,3,3.1,3.2,0.069,1.6,-2,null,null,null,null,null,null,null,null,3.6,4,3.4,0.27
null,null,null,-5.7,-6.1,-4.1,-2.9,-2.2,-1.2,-0.028,-1.6,-1.5,0.021,-0.74,-0.3,-0.57,-0.44,-1.8,-0.56,-0.55,-0.63,-0.17,-0.35,1.3,null,-3.4,null,-4,-4.5,-5.4,-8.5,-7.2,-8.3,-9.8,-9.7,-11,-9.4,-9.3,-8.8,-8.5,-7.8,-7.7,-7.2,-7.1,-7.5,-7.8,-7.3,-7.3,-6.9,-6.2,-6.5,null,null,-5.2,-4.6,-4.6,-3.5,-3.5,-3.7,-3,-2.4,-1.7,-0.34,0.78,0.74,0.31,0.11,1.4,1.8,1.3,1.6,2.7,1.2,1.7,2.7,null,null,null,null,null,null,null,null,null,3.6,3.1,3.5
null,null,null,-5.7,-4.9,-4.8,-4.1,-3.6,-2.4,-3,-3.5,-2.9,-2.6,-1.4,-0.9,-1.4,-2.3,-2.6,-2.4,-2.4,-2.2,-3.5,-3.3,-4.7,-6.4,-3.6,null,-4.8,-5.3,-5.9,-5.6,-7,-8.5,-9.3,-9.9,-10,-9.9,-9.5,-8.6,-8.9,-8.1,-8.3,-7.6,-7.4,-7.3,-7.3,-7.3,-6.6,-6.4,-6.6,-6.4,null,-6,-5.4,-4.6,-4,-4.5,-4,-3.9,-4.4,-4,-3.9,-2.5,-0.44,0.18,0.13,-0.014,2.1,1.5,1.8,1.1,2.4,1.9,0.91,3.1,3.2,null,null,null,null,null,null,null,null,5.8,4,5.1
null,null,null,-5,-6.5,-4.4,-4.5,-4.3,-3.6,-4,-4,-3.6,-2.9,-2.1,-3,-4,-2.3,-3.8,-3.4,-4.3,-4.7,-5,-5,-5.9,-5.4,-5.5,null,-5.1,-4.8,-5.7,-5.8,-6.4,-9,-8.8,-8.7,-9.7,-9.6,-8.5,-8.8,-8.1,-8.3,-8.5,-8,-7.3,-7.3,-7,-6.9,-6.4,-6.7,-7,-6.8,null,-5.4,-5.7,-4.1,-5,-5.6,-4,-5.6,-5.8,-5.5,-5.6,-4,-2.1,-1.4,-0.49,-0.69,0.45,1,0.29,1.5,2.4,2.5,1.3,2.7,null,null,null,null,null,null,null,null,null,null,null,null
null,null,null,-6,-6,-4.7,-5.3,-4.7,-4.5,-4.1,-4.8,-3.8,-3.4,-4.6,-4.8,-3.8,-4.2,-4.8,-4.9,-5.2,-5.6,-5.1,-5.2,-5.5,-6.4,-6.1,-5.2,-5.4,-5.6,-5.8,-6.1,-5.4,-6.4,-8,-8.2,-8.5,-9.4,-10,-9,-8.4,-8.8,-8.1,-8,-8,-7.7,-7.1,-7,-7,-7.3,-6.9,null,null,-6,-4.7,-4.4,-5.7,-6.7,-3.4,-6.7,-5,-3.9,-2.8,-3,-1.7,-1.7,-1.5,-1.2,-1.3,-1.4,-1.4,0.037,0.63,1.1,0.34,2.2,null,null,-0.8,-0.68,-3,null,null,null,null,null,null,null
-5.9,null,null,null,-5.4,-5.5,-6.1,-5,-5.2,-4.9,-5.4,-5.3,-5.3,-4.4,-5,-5.7,-5.8,-5.9,-6,-5.8,-6.2,-4.6,-5,-4,-7.1,null,-6.1,-5.5,-5.9,-5.2,-5.9,-5.9,-5.6,-5.7,-7.2,-7.3,-8.6,-9.2,-9.9,-9.3,-8.7,-7.8,-8.3,-8.4,-8.4,-7.2,-6.9,-6.5,-6.5,-6,null,null,-6.1,-5.4,-6.8,-5,-1.8,-3.5,-0.015,-1.6,2.5,0.55,0.36,0.68,0.37,-0.33,-0.18,-0.098,-0.84,-1.7,-1.3,-0.57,-0.0076,0.89,-6.8,null,null,0.35,-1,-0.39,0.23,0.74,0.45,null,null,-1.4,null
-5.9,null,null,null,-6.3,-6.5,-5.7,-5.8,-5.9,-5.5,-5.3,-4.7,-4.6,-5.8,-6.4,-5.6,-6.1,-6.4,-6.2,-5.9,-5.5,-5.7,-5,-5,-6.1,null,-6.3,-5.6,-5.6,-4.9,-5.3,-5.1,-5.6,-6.3,-6.6,-7.6,-8.4,-9.2,-9.5,-9.2,-9.3,-8,-8.1,-9,-9,-7.8,-7.5,-6.3,-5.8,-5.8,null,-4.5,-5.4,-3.6,-3.7,-1,2.1,2,2.7,3,1.9,2,0.65,0.53,1.1,0.025,-0.58,-1.7,-0.36,-2.5,-2.1,-1.1,-1.2,-0.64,null,null,null,-0.31,-0.53,0.62,-0.04,-0.25,1.4,1.9,-0.71,-2.1,2.6
