atlas/src/main/webapp/resources/data/climatologia/glb-vsm.json
{"header": {"discipline":0,"disciplineName":"Meteorological products","gribEdition":2,"gribLength":269702,"center":98,"centerName":"INPE-Brazil","subcenter":0,"refTime":"2020-10-22T15:00:00.000Z","significanceOfRT":0,"productStatus":0,"productType":2,"productDefinitionTemplate":0,"parameterCategory":2,"parameterNumber":3,"parameterNumberName":"V-component_of_wind","parameterUnit":"m.s-1","genProcessType":0,"forecastTime":0,"surface1Type":1,"surface1Value":0,"surface2Type":255,"surface2Value":0,"numberPoints":65341,"shape":0,"gridUnits":"degrees","resolution":48,"winds":"true","scanMode":64,"nx":361,"ny":181,"basicAngle":0,"lo1":-180,"la1":-90,"lo2":180,"la2":90,"dx":1,"dy":1}, "data":
[rows 117 to 155 of 181, columns 176 to 263 of 361]
-3.6,-2.6,-0.4,-1.1,-0.32,0.044,2.1,3.7,4,5.3,5.9,6.3,6.5,7.4,7.4,7.7,5.7,1.4,-3.5,null,null,null,null,null,null,null,null,null,null,null,null,null,null,null,null,null,null,-1.5,1.9,3.4,4.5,5.7,4.8,6.3,6.4,6.5,6.3,5.4,3.4,1.6,1,0.66,1.3,2.2,2.1,2,1.2,3,5.9,6.4,7,7.6,7.4,6.8,6.4,6.4,6.1,5.7,4.5,5.8,null,4.5,3.7,2.7,1.3,2,0.94,2.4,2.6,3,3.7,4.7,3.8,4.2,-1.6,5.2,4.1,1.1
-5,-3.7,-2,-2.4,-1,0.72,0.8,1.7,2.9,4.1,4.2,5.6,6.8,6.7,7.5,7.7,7.6,4.8,-0.11,-3.5,null,null,null,null,null,null,null,null,null,null,null,null,null,null,null,null,null,-3,1.3,2.4,4.7,5.1,5.8,5.8,5.5,4.9,4,4.7,3.4,2.5,1.9,0.99,2.3,2.1,1.5,1.2,2,4,5.5,6.1,7.4,8,6.7,1.3,6.2,6.4,6.9,6.8,5.9,4.3,null,3.7,4.8,4.5,-0.055,0.48,1.2,3.3,2.8,3.6,4,4,4.2,4.3,2.6,2.8,3,3.1
-6.5,-6.3,-4.4,-2.2,-3,-1.5,0.48,0.099,1.9,3.1,2.8,4.9,6.1,6.8,7.8,7.4,7,6.3,4.3,-0.75,-3.4,null,null,null,null,null,null,null,null,null,null,null,null,null,null,null,-7.8,-4.3,-1.4,0.7,2.5,2.8,3.2,4.7,5.2,5.1,6.2,7,3,2.6,1.5,3.1,5.2,5,4.8,5.8,6.3,6.8,7.3,7.1,8.4,9.5,9.6,9.1,9.1,9.9,6.8,6,6.6,5.4,4.7,2.1,2.5,3.4,4.1,1.8,2.5,3.3,2.8,3.1,2.8,4.2,4.7,2.6,3,2.9,0.98,3.3
-7.8,-7.1,-5.9,-5.2,-4.8,-3,-1.4,0.45,1.7,1.6,1.7,3.4,4.6,5.6,7.7,7.9,7.2,7.2,6.5,4.9,2.3,-5.9,null,null,null,null,null,null,null,null,null,null,null,null,null,-13,-8.9,-5.5,-4.2,-2.4,-0.019,1.1,1.6,2.3,3,2.8,2.9,4.2,4.8,4.5,3.3,2.4,4.1,4.3,4.6,4.1,5,5.7,6.3,6.4,7.2,8.1,8.6,8.9,9.3,9.6,10,11,11,-9.6,8,3.7,0.5,0.41,0.81,0.59,0.49,2.2,2.7,3.2,3.5,3.1,2.9,1.9,2.4,1.8,1.1,1.3
-8.6,-7.2,-7.4,-6.2,-6.1,-4.6,-2.3,-0.68,0.13,1.5,1.3,3.3,2.4,4.3,6.8,6.8,6.8,7.3,7.2,6.1,3.6,-4.7,null,null,null,null,null,null,null,null,null,null,null,null,null,-11,-8.1,-6.5,-5.7,-4.5,-3.2,-1.7,-0.47,0.65,1.2,0.75,0.85,1.2,1.9,1.7,1.5,1.1,1.4,2.8,3.2,3.1,3.8,4.5,5.8,6.1,6.9,7.7,8.4,9,9.2,9.7,11,8.1,11,11,9.4,11,9.4,-1.1,-0.88,-0.42,-0.76,-0.33,0.14,1.2,1.9,3.2,3.4,3.4,3.3,2.6,2.3,1.9
-8.7,-8.1,-8.8,-8.1,-7.3,-7.5,-4.6,-3,-1.7,0.57,-1.5,1.1,2.1,2.3,4.9,6.7,7,7.8,7.7,8,7.4,-0.21,0.14,null,null,null,null,null,null,null,null,null,null,null,-11,-9.1,-9,-8.5,-6.7,-5.1,-2.3,-1,-0.88,-0.66,-0.6,-1.1,-0.82,-0.49,-0.18,0.43,-0.44,0.35,0.96,1.3,2.6,2.6,3.1,4.7,5.4,6.3,6.4,6.9,7.3,8.5,9.3,9.7,11,-3.1,11,11,10,11,9.5,10,3.2,-2.5,-1.8,-3.2,-2.6,-1.2,0.24,0.97,3.3,3.2,3.9,3.9,3.1,1.6
-8,-9.2,-9.3,-8,-7.1,-7.5,-7.2,-4.2,-4.1,-3.8,-2.2,-0.018,0.4,1.5,2.5,5.3,6.1,7.3,9,10,11,11,null,null,null,null,null,null,null,null,null,null,null,-7.4,-7.5,-7.2,-7.4,-8,-7.1,-5.4,-3.3,-1.9,-1.7,-1.9,-1.6,-1.3,-1.3,-0.81,-1.2,-0.92,-1.1,-0.048,0.81,1.3,1.2,1.8,2.4,3.5,4.5,5.3,5.8,6.5,7.1,7.9,8.6,8.9,11,11,10,11,10,10,11,11,10,6.7,-2.4,-3.8,-5.1,-2.7,-1.7,-0.81,0.14,2.4,3.1,2.5,2.5,2.3
-5.7,-7.7,-9.4,-9.5,-7.8,-8.1,-9.2,-6.5,-4.5,-6.6,-5.3,-4,-2,0.11,0.71,2.4,3.9,5.9,8.5,9.6,10,10,12,null,null,null,null,null,null,-0.9,0.5,-2.2,-5.6,-5.9,-6,-6,-7.1,-6.6,-4.5,-4.9,-4.3,-3.4,-2.4,-1.8,-0.74,-0.62,-1.1,-1.4,-1.1,-1.1,-1.5,-0.8,-0.037,0.92,1.4,0.55,1.8,2.2,3.2,4.3,5,1.8,2.4,7.2,7.9,4.3,9.5,10,11,11,11,11,11,10,11,11,4.9,-4.2,-4.6,-4.1,-1.6,-1.2,-0.046,1.4,2.6,1.9,1.1,0.52
null,-8.6,-8.3,-8.9,-9.7,-8.6,-7.9,-6.9,-5.6,-7.7,-6.5,-4.8,-1.8,-2.2,0.43,-0.27,0.8,4.1,4.8,6.9,6.9,7.3,6.1,5.3,4.6,2.7,0.43,-0.7,-1.2,-1.3,-2.1,-2.1,-2.6,-3.7,-5.4,-6.6,-5.8,-6.3,-4.7,-4.2,-4.1,-2.6,-2.4,-1.7,-1.1,-0.46,-0.81,0.047,-0.21,-0.018,-0.064,-0.65,-2.2,-0.13,-0.18,0.44,0.49,-0.19,1.9,3.2,4.6,0.29,1.8,6.4,7.3,8.1,8.6,9.7,11,11,11,11,11,11,11,11,7.8,1.1,-6.9,-5.5,-3.4,-1.4,-0.24,0.72,1.4,0.69,1.5,1.1
null,null,-8.1,-7.5,-8.5,-9.7,-9.1,-8.8,-7.2,-9.1,-8.2,-4.3,-3.7,-3,-1.8,-0.32,-0.58,0.24,0.8,1.4,3.7,3.3,4.5,0.29,0.65,1.6,2.9,4.3,-0.29,-0.65,-1.7,-2.3,-3.5,-4.2,-4.5,-2.7,-3.8,-4.1,-4.2,-3.6,-3,-4.6,-4.3,-1.1,-0.19,-0.74,-2.1,-1.6,-1.2,-0.61,-0.52,-0.18,-1.2,-0.11,0.32,0.84,1.7,2.1,1.6,2.8,2.7,2.9,3.8,5.1,5.9,7.3,8.4,8.8,9.5,9.8,10,10,11,12,12,12,10,4.6,-2.4,-6.2,-4.5,-2.6,-0.58,0.28,0.43,0.6,-0.066,0.57
null,null,-8.5,-8.1,-8.9,-8.7,-8.8,-8.9,-8.1,-7.5,-7.1,-6.6,-6.4,-5.1,-3.6,-2.5,-1.5,-0.2,-0.46,2.1,1.2,1.3,3,0.69,-1.1,-0.21,-0.68,0.91,1.1,1.9,1.6,-1.5,-3.5,-3.3,-3.1,-3.4,-4.5,-3.4,-2.1,-3,-2.2,-4.4,-5.3,-3.5,-2.4,-2.9,-3.2,-3.1,-3.1,-2.1,-1.9,-1.2,-0.53,-0.92,-1,-0.63,0.2,0.8,0.68,0.71,1.1,1.8,2.4,3,4.5,6,6.8,7.8,9,9.2,9.7,10,11,11,10,11,9.4,9.7,0.19,-6.1,-5.5,-1.2,-0.58,0.32,0.31,0.19,1.2,0.71
null,null,-5.8,-8.4,-9.9,-9.1,-9,-9.8,-9.8,-8.9,-9.8,-8.6,-8.4,-7.1,-5.2,-3.8,-3.5,-1.5,-0.96,-1,-1.2,-0.72,0.62,-0.87,-1,-1.8,-2.2,-2.2,-2.9,-1.6,-2.3,-1.1,-0.98,0.048,-5,-5.6,-5.9,-5.2,-5.5,-3.5,-4.5,-4.3,-3.5,-3.5,-3.2,-2.9,-3,-2.2,-2.1,-2.2,-0.89,-2.1,-2.3,-3.2,-2.8,-1.6,-1.7,-1.4,-1.1,-0.86,-0.81,0.28,-0.076,-0.32,2.4,4.4,5.3,6,8.6,9.4,8.9,9.6,11,11,12,12,10,8,3.9,-6.8,-5.7,-4.1,0.31,0.31,1.1,2,2,1.9
null,null,-7.8,-8.3,-9.3,-8.7,-9.1,-8.7,-9.2,-10,-9.4,-9.2,-9.3,-6.5,-5.6,-4.7,-4,-3,-2.4,-0.63,-2.1,-1.3,-0.56,0.51,-0.96,-1,-2.4,-2.9,-3.3,-2.5,-2.7,-3.6,-2.9,-1.7,-0.69,-1.4,-2.4,-0.45,-1.5,-3.3,-4.4,-4.3,-3.2,-1.5,-3,-2.8,-2.8,-1.7,-1.4,-2.1,-1.9,-3.8,-3.3,-4.5,-4.5,-3,-4.7,-3.5,-2.9,-2.5,-3.2,-2.8,-2.2,-1.7,-0.52,1.5,3.5,5.1,5.7,8.8,9.5,9.5,11,11,12,12,13,11,5,-7.2,-5.8,-3.6,-0.52,1.5,2.2,2.7,2.8,3.3
null,null,-7.7,-7.7,-9.6,-9.5,-9,-8.4,-9.6,-9.6,-9.4,-9.6,-8.9,-8.2,-7.8,-6.4,-6.2,-4.6,-4.2,-0.74,-1.4,-2.5,-1.1,-2.2,-1.2,-1.8,-5.1,-1.2,-0.9,-1.7,-2.1,-1.5,-1.4,-1.9,-2.6,-1.7,-1.6,-1.1,-1.4,-1.4,-1.3,-1.1,-1.9,-2.2,-3.2,-3.6,-3.3,-3.4,-2.9,-3.3,-3.3,-2.7,-2.7,-3.2,-4.2,-3.9,-6,-6.4,-5.7,-5.1,-4.8,-4.7,-4.6,-4.6,-3.9,-2.2,0.069,2.8,4.3,6.9,8.1,8.8,10,9.7,12,12,12,11,9.6,-6.6,-5.4,-3,-1.3,2,2.9,4,4.8,4.9
null,-5.4,-5.5,-4.8,-5.2,-9.5,-9.5,-8.9,-9.1,-9.2,-9.5,-9.6,-10,-9.6,-9.3,-7.3,-5.9,-6.2,-5.6,-2.3,-2,-1.6,-2.3,-4.1,-3,-3.2,-0.99,-1.2,-1,-0.62,-0.37,-0.61,0.67,0.11,-0.21,-0.8,-1.8,-1.9,-1.2,-1.6,-1.7,-2.1,-1.9,-2.2,-2.3,-2.8,-3.1,-2.6,-3.1,-4,-3.4,-3.5,-2.7,-2.9,-2.5,-2.7,-4.3,-4.1,-4.7,-4.4,-5.5,-5.1,-5.1,-5.7,-6.6,-6,-4,-1.6,0.67,2.8,6.4,8.3,9.1,11,11,12,11,11,7.1,-6.2,-4.8,-3.4,-2.2,0.55,-1.1,-0.35,5.7,5.9
null,0.97,1.5,-3,-4.2,-5.7,-8.1,-9.7,-11,-9.4,-9.5,-9,-10,-11,-10,-9.3,-7.7,-6.8,-5.6,-5.3,-5.5,-1.9,-1.5,-2,-1.6,-1.8,-3.5,-1.8,-1.8,-0.65,-0.57,-0.51,-1.4,-0.8,-1.2,-1.5,-1.2,-1.6,-0.45,-0.72,-1.1,-0.95,-1.8,-2.4,-2.6,-3.3,-3.2,-3.8,-3.9,-4.2,-3.4,-2.9,-2.9,-3.4,-3.6,-4.5,-5.1,-5.3,-4.3,-3.1,-4.1,-5.4,-6.3,-4.8,-6.4,-8.1,-7.5,-5,-3,0.17,2.8,6.1,8.1,10,11,10,10,10,5.4,-4.2,-4.2,-3.2,-3.1,-1.9,1.6,5.7,5.9,7.3
null,-4.9,-5.9,-4.3,-3,-3.9,-4,-5.1,-8,-7.9,-8.3,-8.8,-10,-11,-11,-9.6,-8.8,-8,-7.5,-6.1,-6.1,-6,-5.4,-3,-2.8,-2.5,-1.2,-2.3,0.76,0.69,0.77,-1.8,-1,-0.47,-0.6,-1,-0.62,-0.35,-1.1,-0.51,-0.64,-1,-1.1,-1.2,-1.8,-1.7,-2.6,-2.4,-2,-3.3,-4,-3.7,-2.9,-3.6,-4.1,-5.6,-5.5,-5.9,-5.4,-4.9,-4.4,-4.6,-6.4,-5.4,-4.8,-7.3,-9.5,-8.2,-4.7,-2.1,1.2,4,7.2,8,9.6,9.9,10,10,-8.1,-4.7,-4,-1.5,-2.1,-2,2.5,4.7,7,8.1
null,-0.26,-0.99,-3,-4.1,-3.8,-3,-0.48,-5.3,-6.3,-5.2,-6.2,-6.4,-7.5,-8.8,-9,-9.3,-8.6,-6.9,-6.4,-6.5,-5.8,-5.2,-5.5,-5.3,-5.4,-4.8,-1.3,-0.54,0.2,0.37,-0.56,-0.5,0.15,-5.1e-05,0.19,-0.096,-0.22,-0.65,-0.32,-0.12,-0.97,-1,-1.3,-1.5,-2,-2.7,-2.8,-2.2,-2.6,-3.3,-3.8,-2.9,-3.8,-3.2,-4.7,-4.4,-4.8,-5.3,-6.1,-5.4,-5.8,-5.8,-5.2,-4,-6.2,-10,-9.6,-6.8,-4.3,-1.3,0.052,4.7,6.6,7.6,9,9.6,9.6,-7,-5.9,-4,-2.7,-1.1,-0.043,1.3,4.2,5.6,7.3
-0.41,-0.49,-0.2,1.7,-0.24,-0.7,-0.54,-2.4,-0.76,-0.31,1.3,1,2.6,-0.85,-2.8,-4.7,-5.2,-6.2,-7.3,-7.2,-6.7,-8.2,-6.9,-6.5,-5.6,-5.1,-3.7,-2.2,-1.3,-1.4,-1.5,-2.4,-2.6,-2.4,-1.5,-1.5,-1.2,-2,-1.6,-1.3,-0.51,-1.2,-1.5,-2.3,-3,-2.4,-2,-3.5,-3.6,-2.8,-3,-3.6,-3.9,-3.6,-2.8,-3.4,-4.5,-5,-5.3,-5.3,-6.7,-6.1,-5.8,-6.1,-6.5,-9,-11,-11,-9.6,-5.3,-5.5,-4,1.9,4.5,6.1,8.3,9.2,9.7,-4.3,-5.7,-5,-4.6,-3.1,-1.8,-0.33,1.1,4.5,5.4
-0.39,-0.97,-0.27,2.1,1.3,0.73,0.55,-0.047,-2,-2.3,-1.3,-2,1.6,-2.5,-2,-2.3,-1.4,-3.6,-2.5,-1.7,-3.4,-5.4,-6,-5,-4.9,-4.1,-3.3,-3.4,-2.4,-2.8,-2.3,-3.2,-1.6,-1.7,-1.7,-2,-2,-1.8,-1.4,-0.89,-0.47,-1.7,-1.8,-2.2,-4,-3.4,-2.9,-2.8,-3.9,-3.3,-2.2,-2.8,-4.2,-2.8,-3.1,-2.5,-2.9,-3.9,-4.2,-5,-5.6,-7.6,-6.9,-8.1,-8.7,-10,-12,-13,-9.3,-7.1,-7.5,-4.4,-3,3.1,4.5,6.5,7.4,7.4,-6.5,-5.4,-5.1,-5.4,-3,-2.5,0.37,0.28,1.4,2.7
-0.15,-0.61,-0.91,0.73,0.77,0.5,0.2,0.58,-1.6,-1.3,-1,-0.68,-0.67,0.16,-0.059,-0.15,-0.77,-1.3,-3.5,-4.1,-4.2,-3.9,-3.7,-1.9,-1.9,-2.2,-2.6,-3,-2.8,-2.7,-3.3,-3,-3.4,-2.2,-1.6,-1.3,-1.2,-0.92,0.23,-0.12,-0.22,0.31,0.98,-0.55,-1.7,-1.3,-2.3,-3.7,-4.6,-3.1,-2.8,-3.7,-4.9,-3.9,-2.4,-2.5,-2.6,-2.9,-3.4,-3.4,-4.6,-6.7,-7.6,-8.3,-9.6,-12,-12,-12,-11,-9,-8.8,-6.9,-4.1,-0.66,3.4,6,6,4.4,-5.5,-5.8,-4.8,-5.4,-4.6,-3.2,-1.3,-0.27,1.5,1.2
-0.8,-0.29,-0.011,-0.99,0.013,1,1.3,0.17,0.25,-0.92,-1.1,-0.58,0.17,-0.038,0.71,-1.2,-1.5,-2.9,-3.3,-5,-3.6,-3.3,-2,0.74,-1.3,-2,-2.5,-2.3,-2.4,-1.5,-1.3,-1.4,-2.1,-2.1,-1.7,0.18,1.3,1.1,0.48,0.66,0.028,0.99,0.22,0.059,-1.3,-1.7,-2.5,-3.2,-2.5,-3.3,-2.9,-1.9,-2.4,-2.7,-3.3,-2.9,-3.2,-2.7,-3.6,-3.2,-3.6,-4.5,-5.9,-7.4,-9.3,-13,-14,-13,-12,-11,-9.7,-7.6,-4.6,-1,1.8,2.7,3.2,5.1,-3.3,-7.9,-8.1,-7,-6.2,-5.6,-3.7,-2.8,-1.6,-1.5
1.5,0.72,-0.58,-0.91,1.9,2.5,1.6,-0.3,0.31,-1.4,-0.92,-0.35,0.68,1.5,2.9,1.5,-1.2,-4.3,-5.4,-5.4,-5.3,-5.2,-4.3,-0.99,-0.84,-1.1,-1.2,-1.5,-2.3,-1.8,-1.2,-0.95,-0.79,-0.87,0.31,1.4,1.6,2,1.7,2,1.6,0.43,0.72,-0.4,-1,-2,-2.7,-2.4,-4.1,-3.5,-2.9,-3.8,-3.1,-4.1,-3.4,-2.7,-3.1,-3.1,-3.5,-3.1,-2.4,-2.9,-5.3,-6.3,-10,-13,-15,-14,-14,-12,-11,-9,-7,null,-5.1,1.3,3.5,5,-0.53,-9.6,-10,-9,-7,-6.9,-7.3,-5.9,-4.8,-4.7
6,2.2,1.5,0.16,2.8,2.2,-3.7,3.9,-2,-1.7,0.37,1.3,2.6,3.4,2.8,3.2,0.78,-3.1,-5.4,-5.3,-5.9,-3,-2.3,-2.7,-1.3,0.97,0.2,-2.4,-3.1,-1.8,-1.5,-0.56,0.66,1.3,1.7,2,1.2,1.3,1.3,1.9,1.7,0.22,1.1,-0.047,-0.31,-3.2,-3.6,-2.6,-2.5,-4.9,-3.7,-4.3,-3.7,-3.8,-3.3,-3.7,-3.1,-2.6,-2.5,-2,-2.7,-2.9,-5,-6.6,-11,-14,-15,-15,-14,-13,-12,-10,-9.3,-7.5,-2.1,0.78,1.5,2.4,2.9,-9.2,-10,-11,-9.2,-9.5,-9.5,-8.8,-7.6,-7.1
6.4,6,3.9,0.004,2.4,3.3,4.9,1.3,0.15,0.26,0.88,1.1,1.3,3,4.8,3.9,1.9,-1.7,-1.8,-3.2,-3.8,-5.1,-4,-3.3,-1.7,-0.48,-0.29,-0.64,-0.56,0.1,1.1,2.1,2.4,3,2.5,2.9,3.3,3.4,3.5,3.3,2.9,2.1,1.4,1.3,0.47,-1.4,-3.3,-3.4,-2.2,-3.9,-4.9,-5.4,-5,-5.2,-4,-3.4,-3.1,-3.3,-3.5,-2.8,-2.3,-2,-4,-7.2,-11,-14,-14,-15,-14,-14,-13,-12,-10,-7.6,-4.8,-2,-0.37,0.018,-1.3,-8,-11,-11,-11,-10,-9.9,-9.6,-9.8,-9
6.3,6.9,6.5,1.3,1.9,2,3.4,3.2,1.4,-0.82,-0.18,1.2,2.6,3.1,3.3,4.1,3.2,-2.5,-5.1,-4.6,-4.5,-3.2,-2.3,-0.81,-1.2,-1.7,-1.1,-1.1,-0.33,1.3,2.4,3.1,3.6,3.9,3.9,4.1,4.8,4.8,5,4.5,4.8,3.7,3.1,2.1,0.37,-1.4,-2,-4,-3.7,-3.2,-4.3,-3.6,-4.1,-3.5,-3.4,-3.5,-3.3,-3.2,-3.7,-3.8,-2.7,-2.8,-4.5,-8.8,-12,-13,-14,-15,-15,-14,-14,-13,-11,-8.8,-6.8,-3.3,-2.7,-1,-1.1,-4.1,-11,-11,-11,-11,-12,-9.4,-9.3,-8.8
5.5,7.4,5.7,2.3,1.5,2.1,2.9,2.7,1.9,1.6,1.2,1,1.6,2.6,2.4,3.7,1.6,-1.5,-4.3,-3.5,-2.7,-1.4,-0.72,-2.3,-1.8,-2.1,-0.61,0.13,1.5,2.9,3.8,4.5,4.8,5.2,5.2,5.6,6.1,6,5.8,5.6,5.2,2.4,1.6,1.1,-0.11,-0.87,-2.1,-4,-3.9,-3.4,-4.8,-4.4,-3.7,-3.2,-3,-3.2,-2.9,-2.8,-2.9,-3.2,-3.6,-4,-5.9,-11,-11,-12,-14,-14,-14,-14,-14,-13,-12,-9.6,-8.6,-5.1,-3.7,-1.9,-2.4,-2.7,-9.6,-12,-13,-11,-11,-10,-9,-11
5.8,5.1,5.9,6.7,1.9,0.99,1.3,1.7,1.8,2,1.8,-0.44,0.27,0.36,1.5,3.1,2,3,2,-1.5,-2.5,0.84,-3.2,-3.6,-1.8,-2.7,-2.3,-1.5,0.79,4.3,5.8,6.7,6.2,6.2,6.1,6.6,6.8,7.2,6.4,5.8,4.2,3.1,1.9,1,0.48,-0.53,-2,-2.9,-3.8,-3.7,-4.2,-3.7,-3,-2.3,-2.3,-2.7,-3.2,-3.2,-2.5,-4.1,-6,-6.5,-8.5,-10,-11,-11,-12,-12,-13,-14,-14,-14,-12,-11,-8.2,-6.7,-5.3,-3.6,-2.2,-2.5,-5.9,-13,-14,-13,-12,-12,-11,-11
3.2,3,3.5,4.3,3.4,2.7,1.6,1.8,1.9,1.6,1.7,1.4,1.3,-4,-3,-3.8,2.2,2.8,3.7,1.4,-1.8,0.64,null,2.9,1.7,-0.61,2.6,5.1,5.5,6.5,6.7,6.2,6,6.8,6,7.5,8,8.3,7.1,6.3,3.2,1.1,0.75,0.26,-0.23,0.19,-0.94,-2.1,-3.1,-3.3,-4.3,-3,-2.2,-1.9,-1.3,-1.8,-1.9,-2,-2.8,-4.7,-5.4,-7.8,-9.8,-9.6,-9.8,-10,-9.7,-11,-13,-14,-14,-13,-11,-9.9,-8.5,-7.7,-6.6,-5.7,-5,-5.9,-7.6,-12,-13,-15,-14,-14,-14,-13
6.9,5.7,5.5,1.8,2.4,1.1,1.1,1.2,1.6,2.3,null,null,null,null,null,null,null,null,null,null,null,null,null,null,null,null,null,null,null,5.8,6.1,7.1,6.7,7.6,8.3,9.3,8.8,8,6.5,4.7,2.1,-0.11,-0.18,-0.53,-0.63,-1.3,-1.5,-2.2,-3,-3,-1.9,-1.5,-1.1,-1.1,-0.6,-0.75,-2.6,-3.5,-2.8,-3.9,-5,-5.4,-6.2,-6.3,-7.1,-8,-9.1,-10,-11,-11,-11,-11,-9,-8.5,-7.8,-6.8,-6.1,-5.5,-5.9,-6.7,-8.2,-10,-14,-15,-15,-14,-15,-14
null,null,null,null,null,null,null,null,null,null,null,null,null,null,null,null,null,null,null,null,null,null,null,null,null,null,null,null,null,null,null,8.3,7.9,9.3,11,9.5,9.3,7.5,6.2,5.2,1.1,-1.5,-1.6,-0.94,-0.9,-0.62,-0.57,-0.036,-1.1,-2.2,-2,-1.5,-1.5,-3,-1.4,-0.8,-1.1,-1.7,-1.9,-1.5,-2.5,-4,-4.4,-5.9,-5.2,-6,-6.7,-8.1,-8.4,-9,-8.9,-7.9,-8.3,-5.9,-6.1,-5.7,-5.3,-5.9,-6.9,-8.3,-9.7,-11,-14,-15,-16,-16,-15,-15
null,null,null,null,null,null,null,null,null,null,null,null,null,null,null,null,null,null,null,null,null,null,null,null,null,null,null,null,null,null,null,null,null,null,null,9.5,null,5.6,6.7,6.9,3.9,-0.2,-2.3,-2.1,-0.92,0.048,0.17,1,-3.6,0.54,-0.15,-1.2,-2.2,-1.9,-1.2,-1.4,-1.2,-1.6,-2.4,-3.3,-4.7,-5.1,-4.3,-3.1,-3.3,-4.1,-5.5,-5.5,-5.5,-5.8,-5.7,-5.3,-4.6,-3.8,-4.4,-5.9,-5.5,-6.8,-8.7,-10,-12,-14,-15,-16,-16,-16,-16,-15
null,null,null,null,null,null,null,null,null,null,null,null,null,null,null,null,null,null,null,null,null,null,null,null,null,null,null,null,null,null,null,null,null,null,null,null,null,null,null,null,null,null,-2.3,-2.1,-1,-0.57,-0.16,-0.25,-0.24,0.72,0.54,null,null,-0.033,-0.89,-1.3,null,-2.6,-2.3,-2.8,-3.5,-4.1,null,null,-3.6,-5.2,-5.2,-3.9,-3.1,-1.4,-1.2,-2.5,-3,-2.9,-4.3,-7.3,null,null,null,null,null,null,null,null,null,null,null,null
null,null,null,null,null,null,null,null,null,null,null,null,null,null,null,null,null,null,null,null,null,null,null,null,null,null,null,null,null,null,null,null,null,null,null,null,null,null,null,null,null,null,4.4,0.92,null,null,null,null,null,null,null,null,null,null,null,null,null,null,null,null,null,null,null,null,null,null,null,null,null,null,null,null,null,null,null,null,null,null,null,null,null,null,null,null,null,null,null,null
null,null,null,null,null,null,null,null,null,null,null,null,null,null,null,null,null,null,null,null,null,null,null,null,null,null,null,null,null,null,null,null,null,null,null,null,null,null,null,null,null,null,null,null,null,null,null,null,null,null,null,null,null,null,null,null,null,null,null,null,null,null,null,null,null,null,null,null,null,null,null,null,null,null,null,null,null,null,null,null,null,null,null,null,null,null,null,null
null,null,null,null,null,null,null,null,null,null,null,null,null,null,null,null,null,null,null,null,null,null,null,null,null,null,null,null,null,null,null,null,null,null,null,null,null,null,null,null,null,null,null,null,null,null,null,null,null,null,null,null,null,null,null,null,null,null,null,null,null,null,null,null,null,null,null,null,null,null,null,null,null,null,null,null,null,null,null,null,null,null,null,null,null,null,null,null
null,null,null,null,null,null,null,null,null,null,null,null,null,null,null,null,null,null,null,null,null,null,null,null,null,null,null,null,null,null,null,null,null,null,null,null,null,null,null,null,null,null,null,null,null,null,null,null,null,null,null,null,null,null,null,null,null,null,null,null,null,null,null,null,null,null,null,null,null,null,null,null,null,null,null,null,null,null,null,null,null,null,null,null,null,null,null,null
null,null,null,null,null,null,null,null,null,null,null,null,null,null,null,null,null,null,null,null,null,null,null,null,null,null,null,null,null,null,null,null,null,null,null,null,null,null,null,null,null,null,null,null,null,null,null,null,null,null,null,null,null,null,null,null,null,null,null,null,null,null,null,null,null,null,null,null,null,null,null,null,null,null,null,null,null,null,null,null,null,null,null,null,null,null,null,null
null,null,null,null,null,null,null,null,null,null,null,null,null,null,null,null,null,null,null,null,null,null,null,null,null,null,null,null,null,null,null,null,null,null,null,null,null,null,null,null,null,null,null,null,null,null,null,null,null,null,null,null,null,null,null,null,null,null,null,null,null,null,null,null,null,null,null,null,null,null,null,null,null,null,null,null,null,null,null,null,null,null,null,null,null,null,null,null
