atlas/src/main/webapp/resources/data/climatologia/glb-vsm.json
{"header": {"discipline":0,"disciplineName":"Meteorological products","gribEdition":2,"gribLength":269702,"center":98,"centerName":"INPE-Brazil","subcenter":0,"refTime":"2020-10-22T15:00:00.000Z","significanceOfRT":0,"productStatus":0,"productType":2,"productDefinitionTemplate":0,"parameterCategory":2,"parameterNumber":2,"parameterNumberName":"U-component_of_wind","parameterUnit":"m.s-1","genProcessType":0,"forecastTime":0,"surface1Type":1,"surface1Value":0,"surface2Type":255,"surface2Value":0,"numberPoints":65341,"shape":0,"gridUnits":"degrees","resolution":48,"winds":"true","scanMode":64,"nx":361,"ny":181,"basicAngle":0,"lo1":-180,"la1":-90,"lo2":180,"la2":90,"dx":1,"dy":1}, "data":
[rows 76 to 113 of 181, columns 261 to 347 of 361]
null,null,3.5,4,5.7,5.8,6.7,4.9,6.7,1.7,3.4,2.6,1.8,2.8,-0.45,-0.78,2.3,-5.2,null,null,null,null,null,null,null,null,null,null,null,5.3,4.9,3.6,7.7,10,11,11,10,8.3,7,3.8,null,null,null,2.6,-2.2,-2.3,-3.7,-2.2,-1.8,null,null,null,-0.8,-1.6,-4,-7.8,-6.2,-6.6,-5.6,-5.9,-4.8,-2.9,-2.8,-1.1,-3.4,-1.7,-2.4,-3.2,-2.8,-2.8,-2.6,-4,-3.5,-3.6,-3.1,null,null,null,-4.5,-5.4,-5.3,-7.2,-5,-5.6,-5.7,-5,-5.3
null,null,2.4,3.9,5.6,5.9,6.5,6.7,5.5,3.6,3.5,3.1,null,2.3,2,-0.22,2.4,-1.8,null,0.94,null,null,null,null,null,null,null,null,null,1.7,5.2,5,5.2,7.3,8.3,9,8.5,8.3,7.7,7.4,null,4.8,2.2,null,-3.1,-2.1,-3.4,-2.4,-2.1,-0.44,null,null,null,-0.58,-3.9,-6.4,-7.2,-7.4,-6.6,-5.2,-5.6,-4.3,-1.7,-0.43,0.43,-0.024,-0.47,2,-1.9,-1.6,-1.5,-1.8,-1.8,-2.7,-4,null,null,null,-5,-4.2,-4.4,-6,-6.4,-7.2,-4.9,-6.4,-5.6
null,null,3.8,3.7,5.8,6.1,5.4,7.3,6.1,2.9,3.1,2.6,null,3.5,1.1,2,1.3,0.14,null,-1.6,1.5,-3.1,null,null,null,null,null,null,null,-0.99,0.93,3.4,3.2,5.2,5.8,5.9,6.2,7.6,7.9,null,3.1,-2.1,-1.9,null,null,-2.2,-2.5,-2,-0.89,0.93,null,null,null,1.7,-2.6,-6.3,-7.2,-9.1,-7.7,-6.8,-6.1,-5.4,-3.3,-2.4,-0.25,-1.1,-1.3,0.17,0.58,0.31,-1.2,-2.1,-1.7,-1.7,-3.8,null,null,null,-3,-4.1,-4.5,-4.9,-4.3,-5.1,-5.4,-6.6,-6.7
null,null,4.3,4.3,5.5,6.1,6,5.7,5.1,4.1,3.2,3.3,3.1,3.4,3,2,1.8,4.2,null,-0.39,-0.53,1.2,-3,null,null,null,null,null,-7.6,-2.5,-0.61,1.2,1.8,4.4,6.4,3.2,8,7.1,6.3,2.6,2.9,5.3,null,-1.8,1.6,-1.5,-1.5,1.3,2.2,1.9,null,null,null,2.2,3.7,0.09,-3.6,-4.8,-5.7,-5.7,-5.1,-5.2,-4.5,-4.2,-0.52,-1.7,0.49,-0.84,-0.86,1.5,-0.46,-2.2,-2.3,-1.3,-4.4,null,null,null,-4.2,-4.9,-4.9,-4.2,-4.3,-5.1,-5.9,-5.5,-6.2
null,null,null,3.7,4.5,4.7,0.97,5.8,5.5,5.6,4.6,4.4,3.9,4,3.4,3,1.7,1.5,null,0.65,0.064,-0.025,2.7,4.5,null,null,null,null,-5.8,-3.2,-3,-1.3,0.32,4,6.3,7.2,8.2,5.7,null,3.5,2.4,1.5,null,null,1.3,-2.6,-0.83,1.2,0.36,2.5,null,null,null,3.4,5.4,4.5,1.5,-0.79,-1.7,-1.9,-3.1,-2.8,-2.8,-3.4,-3.4,-1.7,-0.19,-1.1,-0.51,-0.46,-1.2,-1.6,-2.5,-1.8,-2,-2,null,null,null,-5.5,-5.5,-4.7,-4.3,-4.4,-5.1,-5.5,-4.3
null,null,null,2.6,3,4.6,5.7,6.3,6.3,6.2,6.1,5.8,5,4.5,3.1,2.3,2.6,0.81,null,-1.6,0.41,2.5,2.3,2.9,null,null,null,null,-3.3,-5,-4.3,-3.7,-1.6,5.7,7.2,7.3,6.5,null,3.9,2.9,2.5,0.61,3,4.7,3.2,null,1.4,0.95,0.054,0.98,2,null,null,6.8,9.2,5.3,8.7,4.3,2.1,1.1,-0.81,-2.1,-1,-1.3,-0.79,-0.072,-1.7,-1.2,-1.4,-1.6,-2.2,-1.5,-1.9,-3.2,-2.5,-1.5,null,null,null,-3.7,-5.9,-4.2,-4.5,-4.1,-2.6,-3.7,-3.8
null,null,null,5.3,5.7,6,6.2,6.7,5.9,5.7,5.3,5,4,3.9,2.8,2.5,2.9,1.5,null,null,4.7,3.2,5.2,2.5,5.6,5.5,null,null,-4,-3.5,-3.9,-3,4.5,6.1,6.4,7.5,7.7,5.9,1.8,-0.27,-1.4,-2.7,null,null,null,null,0.23,1.7,0.6,2.6,1.3,null,null,null,9,10,7.2,6.5,5,3,0.44,-3,-0.41,-0.26,0.47,-0.35,-1.8,-1.3,-1.7,-2.3,-2.4,-2.5,-1.3,-2.3,-1.8,-2.6,null,null,null,-3.2,-2.9,-3.3,-3.9,-4.1,-2.7,-2.4,-3.2
null,null,null,7.8,6.7,6.7,6.2,6.2,6.3,5.5,5.5,5.2,3.5,null,2.5,3.2,3.7,1,2.6,null,-4.9,6.6,6.3,4.1,5.7,3.5,null,null,null,3.7,4.6,5.8,4,5.8,6.5,7.1,null,1.5,-2.2,-2.6,-2.5,null,-1.9,-2.7,null,null,2.1,1.6,-0.047,0.12,1.8,null,null,null,5.3,6.2,6.8,7.5,5,5.1,2.2,0.35,-0.33,-0.83,0.34,-0.45,-0.54,-0.27,-1.1,-2.9,-3,-2.4,-2,-1.8,-2.2,-1.2,null,null,null,-2.8,-1.9,-1.4,-2.1,-2.7,-1.4,-1.1,-3
7.6,null,null,7.6,7.4,6.4,5.8,6.1,5.4,5,4.7,4.5,3.2,2.2,4.2,7.5,3.7,0.72,0.12,-3.1,null,null,10,7.4,5.2,6.1,null,null,null,7,7.7,8.3,6.3,6,7.1,6.6,null,null,-1.9,-2.8,null,-1.1,-2.2,-1.8,null,1.2,-0.16,0.37,-0.96,0.017,0.24,null,null,null,4.1,3.4,5,4.1,3.8,4.6,1.5,0.42,0.48,-1.2,0.31,1.4,0.072,-0.17,-1.9,-2.7,-3.6,-3.1,-2,-1.4,-1.1,-0.83,-1.8,null,null,-1.7,-3.3,-1.7,-2.3,-3.4,-3,-2.3,-3.9
9.1,null,null,null,7.2,7.3,5.4,5.6,5.6,5.4,5.3,4.2,2.9,3,3.8,null,null,0.99,0.98,-3,null,null,null,8.1,6.3,7.6,null,null,null,9.3,9.7,8.7,7.6,7.1,7.1,null,null,null,null,null,-0.083,-1.3,-1.9,-2.2,-1.9,0.73,-0.63,-0.58,-0.17,-0.038,0.5,0.21,null,null,2.3,1,2.6,2.9,3.9,5.4,0.91,-1.1,0.67,0.096,0.81,-0.15,0.3,-0.22,0.38,-0.36,-1.6,-2.3,-1.9,-2.9,-2.7,-2.6,1.3,null,null,null,-0.76,-2.8,-3.7,-3.1,-3.3,-2.7,-4
7.6,8.5,null,null,6.3,6.4,6.1,6.2,5,5.3,4,1.2,1.4,1.7,3.8,null,null,null,0.52,-1.7,null,null,null,1.5,1.9,3.7,null,null,null,7.6,8.8,9.4,7.8,null,null,null,null,-8.4,-4.5,-1.9,-2.1,-1.8,-2.3,-2.2,-1.3,-1.6,0.19,-0.059,-0.059,-1.5,-1.6,-1.1,null,null,null,0.63,1.3,0.82,5,3.9,-0.57,-1,-1.4,-0.59,0.4,1.6,-0.42,-0.41,-0.96,-1.1,-1.6,-1.5,-1.8,-5.2,-3.7,-2.8,-2.9,null,null,null,-2.3,-3,-3.3,-3.3,-4.4,-3.9,-4.3
7,7.5,null,null,5.7,5.5,5.6,5.3,4.4,3.9,3.8,2.9,1.7,4.9,2,null,3.5,null,null,3.7,1.8,null,null,1.8,-1.5,0.7,1.9,null,null,7,7.3,8.7,null,null,null,null,null,-5.8,-5.6,-2.3,-1.1,0.041,-1.5,-2.2,-1.8,-1.4,-0.29,-0.63,-1.7,-1.8,-2.3,-3.7,null,null,null,-1.5,0.14,1.2,1.4,-0.29,-0.23,0.048,-1.3,0.81,0.52,0.28,-0.33,1.7,-0.21,-1.4,-2.9,-2.6,-3.2,-2.7,-4.1,-3.6,-3.5,null,null,null,-3.7,-2.5,-4.3,-4.1,-4.4,-4.4,-4.1
5.8,6.7,null,null,5.3,5.1,5,5.1,4.8,4.3,3.8,3.1,2.7,1.4,1.9,2.3,2.3,0.038,null,null,null,4.2,null,null,3,4.2,4.6,null,null,null,6.5,null,null,null,null,null,null,-2.9,-3.7,-0.8,-1,-1.9,-1,-2.6,-3.3,0.37,0.12,-6,-1.8,-0.29,-3.4,-3.8,null,null,null,-0.8,0.22,0.45,0.09,-0.033,-0.042,0.063,-0.55,0.39,1.6,1.1,0.47,-0.5,-0.94,-1.8,-2.4,-2.3,-3.4,-4.4,-3,-3.4,-3.4,-2.6,null,null,-3.7,-3.8,-4.1,-4.2,-4.2,-4.4,-4.1
5.8,5.9,null,null,null,4.9,5.2,4.9,3.9,3.3,2.7,2.3,1.6,2.1,2.4,2.4,2.8,3,null,null,null,null,null,null,6.2,5.4,4.2,null,null,null,null,null,null,null,null,null,null,null,null,-0.34,null,null,-1.4,-1.4,3.2,0.4,0.23,null,-0.11,-0.51,-4.3,-3.7,null,null,null,-1.1,-0.4,-0.89,-0.2,0.31,-0.35,0.45,-0.32,3.8,3.2,1.6,0.53,-1.6,0.7,-2,-2.9,-2.9,-4.3,-3,-2.6,-2.1,-2.2,-2.4,null,null,null,-4.6,-3.9,-4.6,-4.2,-4.5,-4.7
6,6.1,null,null,null,4.7,4.6,4.4,3.6,3.2,2.5,2.9,1.3,0.79,2,2.2,1.8,2.2,0.8,null,null,null,null,4,4.9,4,5,null,null,null,null,null,null,null,null,null,null,1.1,-0.079,null,-1.8,-3.5,-5,-1.8,-0.47,1.1,0.46,2.2,-1.5,-3.6,-5.7,-5.2,-2.3,null,null,-0.25,-1,-1.6,-1.1,-0.62,-0.33,-0.98,-1,1.2,6.8,1.3,0.68,0.37,-0.36,-1.7,-4.4,-3.2,-3.7,-3.3,-2.9,-2.6,-2.5,-3.2,null,null,null,-4.4,-3.8,-4,-4.5,-4.7,-4.6
5.6,5.8,5.5,null,null,3.6,3.6,3.2,2.3,1.7,0.72,0.65,1.5,-0.15,0.92,0.9,1.6e-16,-0.67,1.9,1,null,null,null,4.9,2.2,4.3,3.4,0.68,null,null,null,null,null,null,null,null,null,2.2,1.3,null,0.66,null,null,-0.62,-0.19,0.06,-0.84,5.2,-2.7,-3.7,null,null,null,null,null,null,-2.2,-2,-0.7,-0.31,0.25,0.38,-0.49,2,2.1,4.3,2.6,-0.73,-1.6,-0.69,-4,-4,-3.6,-3.3,-3.9,-3.7,-4,-3.9,null,null,null,-4.5,-3.8,-3.4,-4,-4.2,-4.6
4.9,4.9,4.6,null,null,1.2,-0.25,-0.19,-0.16,0.066,-0.73,0.5,-0.17,1.1,0.31,-3.1,-2,-0.22,-0.23,3.2,null,null,null,null,5.6,null,2.3,2.2,null,null,null,null,null,null,null,null,1.3,2.5,-3,null,null,-3.2,-2.4,-2.6,0.82,-4.3,-0.9,-0.46,-2.1,-4.4,1.3,-6,null,null,null,null,-0.98,null,-3.1,-1.7,-0.94,0.4,-0.32,0.25,2.1,3,null,-0.52,0.17,-0.41,-2.1,-3.3,-3.9,-3.1,-3.6,-3.4,-4.3,-3.8,null,null,null,-4.2,-3.6,-4.1,-3.6,-4.6,-4.8
4.2,4,3.9,null,null,-0.9,-0.86,-0.11,-0.087,0.34,1.3,1.3,8.4e-05,0.47,-3.5,-1.6,-1.4,-0.76,-0.51,4,3.8,null,null,null,null,null,4,null,null,null,null,null,null,null,null,null,-0.21,1.3,null,null,null,null,-2.6,-1.7,-1.7,-1.1,-3.8,null,null,-1.8,-2,-0.23,null,null,null,null,null,null,null,null,null,0.67,0.34,1.6,2.1,3.2,1.9,0.38,1.3,0.61,-3.3,-4.5,-3.3,-2.7,-3.2,-3.2,-3.6,-3.7,-4,null,null,-4.2,-3.9,-4.4,-3.8,-4.5,-4.7
1.3,-0.28,-2.8,null,null,null,-0.57,-0.21,0.16,0.89,2,3,1.2,0.36,0.11,-0.73,1.2,1.7,-0.24,0.81,2.9,1.9,null,null,null,0.066,2.4,2.5,null,null,null,0.42,-2.2,-3.1,-3.3,-1.5,-1.9,0.18,-2.7,null,-2.4,null,null,-2.6,-2.6,-2.4,-5,-5.2,-4.7,-2.5,-1.9,-2,null,-2.3,null,null,null,null,null,null,null,null,null,null,2.5,3.7,3.2,1.5,-1.1,-0.64,-0.2,-4.6,-2.3,-3.1,-2.7,-2.7,-2.9,-2.8,-3.1,null,null,null,-2.5,-4,-3.5,-3.7,-4
-1.6,-4.1,-2.9,-2.7,null,null,-1.3,-0.38,0.22,0.91,1.4,2.2,3,0.18,0.42,1.6,2.8,3.2,1.8,-0.14,2.6,2.5,3.3,null,null,2.9,6.5,7.4,null,null,null,-1.8,-3.3,-2.6,-0.78,-2.5,-1.8,-2.4,-1.7,null,-3.9,null,null,-2.9,-2.7,-2.3,-2.1,-1.8,-3,-2.8,-1.8,-1.5,-3.4,-2.6,null,null,null,null,null,null,null,null,null,null,null,null,6.1,0.79,2.6,-0.48,-4.2,null,-3.5,-3.1,-2.9,-2.5,-2.8,-2.2,-1.5,null,null,null,-1.3,-1.8,-3.5,-2.8,-3.3
-6.2,-4.5,-3.2,-2.9,null,null,-1.9,-0.82,-1.2,2.8,2.6,1.6,3.2,0.48,1.2,2.9,2.4,4.1,-0.19,-0.46,2.8,3.7,3.5,3.6,6.6,null,6.8,0.48,3.6,null,null,-1.8,-3.3,-4,-3.3,-2.4,-2.3,-3.6,-4.8,-4.8,-4.4,-6.1,-3.5,-2.5,-2.6,-2.5,-2.1,-1.8,-1.2,-2,-1.9,-3.5,-1.4,2.3,null,null,null,1.8,null,null,null,null,null,null,null,null,null,3.4,null,null,0.39,-0.67,-2.8,-4,null,-0.37,-1.3,-0.97,-2.3,null,null,null,-2.5,-2.9,-3,-3.8,-3.7
-3.9,-4,-3.3,-3.3,null,null,-1.4,-1.1,-0.91,-0.27,-1,-1.2,0.25,2,1.1,2,2.2,2.8,2.7,3.2,-0.14,3,2.4,2.8,4.2,6.1,null,null,null,null,null,null,null,null,-4.8,-1.7,-1.6,-3.1,-4.8,-3.3,-5.3,-3.5,-3.3,-2.9,-2.8,-3.2,-1.6,-1.3,-2.2,-3,-2.3,-5.1,-2.4,-2.6,null,null,null,2.2,null,null,null,null,null,null,null,null,null,-1.9,0.064,0.74,-1.9,-3.5,-0.52,0.2,-1.5,-2.6,null,-1.1,-1.5,null,null,null,-3.8,-2.8,-3.9,-2.4,-3
-3.5,-3.6,-4.1,-4.2,null,null,null,-3.8,-3.3,-4.8,-4,-2.6,0.35,-0.38,2.6,2.5,2.2,2.5,1.5,0.93,-0.3,0.83,1.1,0.65,1.4,-1.3,-0.87,-2.2,-1.7,null,null,null,null,null,4.3,0.54,-1.6,-3.5,-4.3,-3.2,-2.3,-3,-1.3,0.59,-0.49,-3.3,-2.5,-2.1,-2.9,-2.8,-4.1,-2.6,-1.7,-1.6,null,null,null,null,null,null,null,null,null,-6.8,-3.5,null,null,null,-2,-2.7,-3,-2.1,-0.3,2.2,0.37,0.039,null,-1.2,null,-2.3,null,null,null,-3.2,-3.7,-3.3,-4.3
-3.7,-3.7,-4.4,-4.4,null,null,null,-3.8,-3.8,-4.1,-4.9,-5.2,-6.8,-8.4,-3.1,-2,-1.2,0.63,1.5,1.6,-0.16,-1.5,-0.89,-3,-2.2,-3.4,-4.8,-4.7,-4.2,null,null,null,-4.9,-3.9,-3,-4.5,null,-3.4,-3,-5.6,-3.9,null,2,2.5,null,null,0.91,-0.52,-1.7,-2.3,-2.2,-1.5,-1.9,-2.3,-2.5,null,null,null,-2.8,-4.7,null,null,null,-5,-4.3,-4.7,null,null,null,-3.7,-3.7,-2.2,-2.3,-1.4,-1.9,0.63,-3,-0.77,-0.51,-2.7,null,null,null,-3.9,-3,-2.7,-4.7
-3.5,-4.1,-4.8,-4.8,-5.3,null,null,-5.9,-5,-4.5,-7.7,-7.7,-7.5,-9,-6.5,-3.9,-4.9,-5,-3.8,-2.4,-3.5,-4.3,-5.2,-5.3,-4,-6.4,-6.5,-5.5,-5.2,-4.5,null,null,-5.3,-4.2,-3.6,-3,-3.4,-2.7,-3.1,null,-1.1,-0.39,0.65,null,-0.054,0.85,0.85,-0.66,-1.2,-0.4,-1,-1.6,-1.7,-2.3,-2.3,null,null,null,-2.2,-3.2,-5.7,-7.1,-6.5,-5.5,-5.3,-6.1,-6.2,null,null,null,null,1.3,-2.6,-3.6,-3.2,-0.24,-2.6,-0.38,-2.1,-3.1,null,null,null,-4.3,-5.2,-3.6,-3.7
-5.1,-4.1,-4.4,-4.3,-5.1,null,null,-6.6,-6.9,-11,-7.2,-9,-8.9,-8.8,-10,-13,-11,-9.3,-9.3,-7,-6.7,-6.7,-6.4,-5.7,-5.7,-5.9,-6.6,-5.8,-5.2,-5,null,null,null,-4.1,-3,-2.6,-2.1,-1.6,-1.7,-1.8,0.16,0.41,0.45,-0.4,0.33,0.44,-0.015,-0.37,0.32,0.12,0.71,-1.6,-0.74,-1.1,-1.4,null,null,null,0.32,-1.5,-4.5,-7.1,-6.6,-4.4,-5.8,-6.8,-6.9,-6.5,-5.9,-4.1,-2.7,-3.2,-4.6,-4,-5.2,-2.4,-5.2,-3.2,-2.2,-3.2,null,null,null,-5.8,-5,-5.2,-4.8
-5,-3.6,-3.4,-3.4,-4.3,null,null,null,-7.4,-7.3,-8.9,-9.1,-9.4,-9.1,-8.8,-8.5,-8.3,-8.7,-8.7,-8.1,-7.6,-7.1,-6.6,-5.9,-5.9,-6.2,-6,-5.1,-5.1,-4.8,null,null,null,-3,-2,-1.3,-0.66,-0.48,0.046,0.44,2.5,1.6,1.6,0.52,0.63,1.3,0.46,0.57,0.33,1.4,4.1,1.9,null,null,0.31,null,null,null,2,0.53,-0.96,null,null,-6.4,-5.6,-6.9,-6.7,-6.6,-5.9,-4.2,-3.4,-3.3,-4.3,-4.8,-6.5,-6.1,-6,-1.2,-2.8,-1.4,0.17,null,null,null,-6,-5.8,-5.7
-1.9,-1.7,-3.3,-3.7,-4.6,null,null,null,-7.9,-8.6,-9.1,-9.5,-8.6,-9.4,-8.9,-8.2,-8.4,-7.8,-7.8,-7.3,-6.6,-7.3,-6.3,-6.2,-6.1,-6,-5.5,-4.7,-3.5,-4.3,null,null,null,-2.4,-1.3,-0.48,-0.5,0.031,0.53,1.1,1.4,1.7,1.1,1.7,3,2.9,1.8,1.3,0.97,4.3,null,null,null,null,null,null,null,null,2.3,4.2,-0.22,null,null,-6.9,-7.1,-6.7,-6.2,-6.1,-6,-6.3,-4.7,-4.5,-5.5,-4.5,-5.8,-6.5,-4.9,-5.1,-4.1,-0.08,-2.6,null,null,null,-5.7,-6.3,-5.4
-1.1,-2.4,-3.8,-3.4,-4.6,-5.6,null,null,-8.1,-9.3,-9.5,-9.5,-9.4,-9.4,-9.4,-7.9,-8.1,-8.1,-8.3,-7.6,-6.7,-6.3,-6.3,-5.8,-5.9,-5.8,-5.4,-4.1,-2.9,-3,-3.3,null,null,-0.64,0.26,1.1,1.5,-0.6,1,1.9,2,2.5,3.1,4.5,4.6,null,null,3.2,2.6,null,null,null,null,null,null,null,null,null,null,5.6,2.5,null,null,-7.8,-6.8,-5.5,-5.2,-5.1,-5.3,-5.2,-4.8,-5.4,-6.6,-6.6,-7.2,-6.7,-5.7,-5.4,-2.4,-1.5,6.3,null,null,null,-5.2,-7.7,-4.3
-1.5,-4,-5.4,-5.2,-5.8,-5.6,null,null,-9,-9.5,-9.7,-9.3,-9,-8.5,-8.2,-7.6,-7,-7.4,-7.2,-6.6,-6.3,-5.9,-5.6,-5.9,-6.5,-6.2,-5.5,-4.2,-4.3,-3.9,-3.7,null,null,null,1.4,1.8,3.3,2.5,2.7,2.7,3.1,3.7,5.4,6.9,null,null,null,null,null,null,null,null,null,null,null,-4.8,null,null,null,5,4.1,null,null,null,null,-4.7,-4.5,-4.7,-4.1,-5,-4.8,-4.5,-6,-7.5,-7.7,-8.2,-7.4,-6.2,-7.3,-8.1,-7,null,null,null,-4.5,-4.2,-3
-5.5,-5.1,-4.5,-5.2,-5.4,-4.5,null,null,null,-8.7,-9.2,-10,-8.7,-8.5,-8.1,-6.8,-7.2,-6.8,-7.1,-7.1,-7.2,-5.6,-4.7,-4.5,-5.1,-5,-5,-4.4,-3,-3.6,-2.4,null,null,null,2.8,3.6,3.4,3.8,3.7,3.2,4.5,5.9,7.3,7.9,null,null,null,null,null,null,null,null,null,null,null,null,null,null,null,5.7,5.9,null,null,null,null,-3.4,-4,-5,-4.4,-4.7,-5,-3.5,-4.6,-5.7,-6.6,-7.2,-7.6,-7.6,-6,-7.5,-7.3,null,null,null,-4.6,-1.5,0.57
-5.9,-5.8,-3.7,-4.6,-4.9,-5.5,-5.4,null,null,-8.9,-9.2,-9.2,-7.7,-6.9,-7.3,-7,-6.3,-6,-7.3,-7.8,-6.8,-5.2,-4.8,-5.4,-5.6,-5.1,-5.5,-4.6,-3.5,-2.9,-2.2,null,null,null,3.7,4.7,5,4.9,4.9,5,5.3,6.1,null,null,null,null,null,null,null,null,null,null,null,null,null,null,null,null,null,null,null,null,null,null,null,-2.6,-2.6,-5.1,-5.4,-6.2,-4.2,-3.2,-4.4,-5.5,-6.3,-6.1,-6.7,-6.9,-6.8,-5.1,-4.4,-1.6,null,null,-0.81,-4.2,-4.3
-5.4,-7,-6.6,-6.8,-6.8,-7.7,-7.7,null,null,-8.2,-7.7,-7.5,-6.9,-6.4,-6,-6.5,-6.2,-6.5,-7.2,-6.9,-5,-6.2,-5.9,-5.8,-5.8,-5.9,-5.8,-4.7,-4.3,-2.7,-3.5,1.2,null,null,6.3,6.9,7.3,6.8,5.8,5.6,6,6,null,null,null,null,null,null,null,null,null,null,null,null,null,null,null,null,null,null,null,null,null,null,null,null,-2.8,-4.8,-4.4,-4.9,-4.3,-4.4,-4.9,-5.6,-5.6,-5.5,-5.9,-5.6,-5.9,-4.9,-3.8,1.1,null,null,-5.1,-5.2,-4.9
-4.7,-7.1,-6.6,-6.1,-6.9,-7,-7.8,null,null,-6.9,-7,-6.8,-6.4,-5.9,-5.2,-5,-5.7,-5.2,-5,-4.3,-5.5,-4.4,-4.6,-5.1,-6.3,-5.9,-5.6,-4.5,-3,-1.7,-2.9,2.6,null,null,null,7.2,8,8.2,7,5.8,6.5,null,null,null,null,null,null,null,null,null,null,null,null,null,null,null,null,null,null,null,null,null,null,null,null,null,-3.1,-4.1,-3.9,-4,-4.1,-4.1,-4.5,-4.4,-5.4,-4.2,-4.7,-5.4,-4.8,-5.2,-3.6,-5,null,-2.1,-5.7,-2.4,-4.4
-4.4,-5.5,-5.6,-4.7,-5.8,-5.6,-6.5,-6.3,null,null,-5.5,-5.8,-6.1,-5.7,-4.5,-4.4,-4.5,-3.4,-6.3,-6.5,-6.2,-4.3,-5,-6.3,-5.4,-5.5,-4.9,-3.9,-2.3,-1.5,1.5,1.8,null,null,null,7.9,8.4,8.7,8,null,null,null,null,null,null,null,null,null,null,null,null,null,null,null,null,null,null,null,null,null,null,null,null,null,null,null,null,null,-3.7,-3.1,-4.5,-4.4,-3.4,-4.9,-4.5,-4.9,-4.1,-4.4,-4.9,-4.3,-5.2,-5.6,null,-6.8,-6.4,-4.5,-5.4
-3.4,-3.7,-4.3,-4.2,-4.2,-5,-5.5,-4.8,null,null,-4.9,-5.1,-5.3,-4.7,-3.5,-3.6,-6.2,-7.3,-8.8,-5.8,-5.6,-6.1,-6.1,-6.6,-5.8,-5.5,-4.5,-3.8,-2.4,0.39,1.4,3,5.1,null,null,8.4,null,null,null,null,null,null,null,null,null,null,null,null,null,null,null,null,null,null,null,null,null,null,null,null,null,null,null,null,null,null,null,null,null,-4.7,-4,-4.9,-4.6,-4.1,-4.6,-4.1,-4.7,-3.3,-2.4,-4.4,-4.3,-4.6,null,-1.3,null,-7,-6.1
-2.8,-3,-2.6,-3.5,-3.9,-4.6,-4.8,-4.4,null,null,-4.6,-5,-4.7,-4.1,-2.7,-4,-7.5,-4.1,-6.1,-5.7,-4.6,-5.1,-6.6,-5.8,-5.5,-5.5,-3.5,-2,-1.2,1.3,1.2,3,4.1,null,null,null,null,null,null,null,null,null,null,null,null,null,null,null,null,null,null,null,null,null,null,null,null,null,null,null,null,null,null,null,null,null,null,null,null,-6.2,-4.5,-3.9,-3.7,-4.5,-4.3,-4,-4.1,-2.7,-2.3,-2.7,-4.2,-4,-3.8,-2.5,-2.7,-2,-6.6
-1.7,-2.4,-3.9,-3.5,-3.8,-4.3,-3.1,-3.3,null,null,-4.7,-4.4,-4.4,-3.1,-2.4,-6.4,-5.7,-3.5,-5.4,-6.5,-5.9,-6.6,-5.9,-4.8,-5.2,-4.6,-3.5,-3.4,-2.7,1,0.83,2.7,4.2,null,null,null,null,null,null,null,null,null,null,null,null,null,null,null,null,null,null,null,null,null,null,null,null,null,null,null,null,null,null,null,null,null,null,null,null,null,null,-4.5,-4.7,-4.1,-3.7,-3.4,-3.4,-3.7,-2.9,-1.1,-3.4,-4.1,-3.8,-2.5,-5.8,-7.6,-6.5
