atlas/src/main/webapp/resources/data/climatologia/glb-vsm.json
{"header": {"discipline":0,"disciplineName":"Meteorological products","gribEdition":2,"gribLength":269702,"center":98,"centerName":"INPE-Brazil","subcenter":0,"refTime":"2020-10-22T15:00:00.000Z","significanceOfRT":0,"productStatus":0,"productType":2,"productDefinitionTemplate":0,"parameterCategory":2,"parameterNumber":3,"parameterNumberName":"V-component_of_wind","parameterUnit":"m.s-1","genProcessType":0,"forecastTime":0,"surface1Type":1,"surface1Value":0,"surface2Type":255,"surface2Value":0,"numberPoints":65341,"shape":0,"gridUnits":"degrees","resolution":48,"winds":"true","scanMode":64,"nx":361,"ny":181,"basicAngle":0,"lo1":-180,"la1":-90,"lo2":180,"la2":90,"dx":1,"dy":1}, "data":
[rows 117 to 155 of 181, columns 0 to 87 of 361]
-0.53,0.46,0.54,0.84,2.3,2.5,4.6,2.8,2.3,1.5,1.8,1.7,3.1,1.6,1.2,2.2,2.4,1.9,4.4,3.4,3.7,2.7,2.4,2.7,2.7,3.9,3.8,4.4,4.9,5.3,5.3,5.9,7.2,7.5,7.5,8,8.1,-0.52,8.3,6.9,6.7,9,9,-1.1,-1.7,-1.5,-6.6,-6.4,-5.9,-6.8,-7.3,-7.1,-7.2,-6.1,-5.1,-4.9,-5.1,-4.1,-5.3,-4.9,-3.5,-3.4,-1.9,-1.2,-1.1,-0.98,-1.5,-0.94,-1.4,-0.42,0.31,-1.2,-1.4,-0.51,0.6,0.94,-2.2,-3.2,-3.5,-2.1,-0.89,-1.9,-2,-3.2,-3.1,-2.3,-3,-4
-1.3,-0.52,0.45,1,0.6,1.2,1.6,1.8,2.4,1.1,1.6,1.3,1.3,2.1,2.6,2.9,3.4,2.3,2,2.8,3.3,2.7,2.8,2.5,3.1,2.7,4,4.8,6.1,7.4,7.1,6,6.2,6.2,6.8,5.4,7.6,7.8,7,7.7,6.8,7.1,7.3,8.4,9.3,-6.6,-5.2,-7.8,-6.2,-4.9,-6.7,-7.6,-7.8,-7.7,-6,-5.2,-4.6,-4.8,-5.6,-5,-4.2,-3.1,-1.9,-1,-0.38,0.2,-2.7,-0.73,0.089,0.031,0.39,0.54,-1.4,-2.4,-1.4,-1,-0.87,-1.5,-4.7,-4.2,-3.4,-2.6,-2.6,-2.9,-3.9,-4.2,-4.1,-3.9
-0.35,-0.22,0.7,1.3,-0.47,-0.12,1.2,1.4,0.2,1.5,2.5,2.5,1.7,3,1.7,0.57,0.56,1,0.95,1.8,3.3,2.1,3.1,4.1,2.3,4.1,6.3,7.3,8.6,8.5,9,8.2,8.2,8.3,5.9,6.7,7.4,7,6.6,6.6,6.8,7.2,7,5.7,7.7,5.3,-1.6,-6.2,-6,-6.7,-6.2,-7.9,-8.7,-6.6,-4.4,-4.8,-6.1,-5.1,-3.6,-4.8,-4.1,-3.4,-2.4,-1.1,0.37,-0.54,0.19,-1.2,-1.6,-1.5,-0.72,-0.71,-0.62,-1.3,-2,-3,-3.5,-2.5,-2.4,-4.1,-4.4,-4.4,-3.8,-3.9,-4.9,-5.2,-5.6,-5.8
-0.79,-2.8,-0.063,0.27,2,1.1,-0.26,0.75,1.9,1.4,2.3,2,2.1,2.2,1.8,2.2,3.5,3.4,2.9,4.5,3.1,4.2,4.6,3.8,4.9,6.2,6.9,6.9,6.5,7.4,7.9,9.1,8.9,10,11,11,0.36,9.9,6.5,5.2,6,6,6,6.2,4.9,5.2,7.9,4.3,-5.9,-4.7,-6.7,-7.2,-7,-6.4,-6.6,-5.4,-4.2,-5.7,-5.7,-4.7,-5.1,-5.3,-4.7,-2.9,-1,-0.86,-0.57,-0.4,-0.92,-0.11,0.4,-0.5,-1.6,-2.8,-2.9,-3.1,-3,-3.2,-4,-4.5,-5.3,-5.1,-5.2,-4.7,-4.8,-6.3,-6.4,-7.1
-0.4,-2.1,-3.1,-0.36,-0.82,0.74,1.8,1.1,-0.79,0.34,0.68,0.39,1.9,0.37,0.47,1.9,2.9,2.7,6.5,5.3,4,4.3,4.9,2,4.3,6.5,6.5,6.2,6.9,7.6,8.2,8.4,8.6,9.9,11,4,11,11,9.8,9.5,7.5,4.8,5,5.3,4.9,4,0.79,2.6,5.6,0.37,-0.92,-4.7,-6.4,-6.2,-7.3,-6.4,-6.3,-5.9,-4.5,-4.9,-4.6,-4.8,-4.4,-4.2,-2.6,-0.83,-0.58,-0.87,0.22,-0.68,0.15,0.033,-1.5,-2.7,-3.3,-3.5,-0.21,-1,1.3,2.3,-0.49,-4.5,-4,-5.7,-6.5,-7.5,-7.4,-8.6
-1.3,-2.6,-1.9,-1.7,-0.19,0.49,-0.21,0.0061,-0.3,0.23,0.83,1,0.17,0.88,1.1,3.9,3.2,2.7,0.67,4,3.8,4.5,5.7,5.7,5.5,5.7,5.9,5.6,5.9,6.9,7.4,7.6,8.1,9.4,0.28,10,10,11,11,10,8.9,8.4,5.4,3.1,4.5,2.7,2.6,0.6,0.32,0.64,3.1,5.3,4.1,-1.7,-2,-5.8,-6.2,-5.7,-4.5,-5.4,-4.5,-4.2,-4.1,-3.5,-2.9,-1.7,-1.1,-1.1,0.85,1.4,1.4,2.6,0.55,3,2.1,2.8,4.1,3.6,5,4.9,4.9,5.6,3.4,5.8,6,-7.2,-8,-8.6
0.67,-0.35,-3,-1.8,-1.7,-0.75,0.33,0.26,0.26,-1.1,-0.71,0.59,1,-0.88,0.64,2.4,3.5,2.9,2.7,3,4.5,3.7,5.3,5.5,4.4,5.5,4.4,5,6.5,6.6,7.2,7.9,8.4,9.3,9.8,10,10,10,9.8,8.9,8.7,8.6,8,8.1,2.4,2.4,2.2,1.6,2.2,-1.4,-2.6,-3,-2.6,-1.5,0.55,-0.8,-4.5,-6.7,-5.7,-5.8,-6.1,-5.4,-4.2,-3.8,-2.8,-2.5,-1.9,-1.2,0.86,1.9,-0.2,1.3,2.4,1.6,1.6,1.5,2.8,3.4,4.4,4,4.7,6,3.3,3.3,6.7,3.6,2.2,-5.6
-1.8,-1.9,-2,-1.6,-1.3,-2.3,-0.75,-3,-0.31,-0.27,-0.51,0.25,0.12,-1.6,0.14,2,1.9,3.7,2.2,2.5,3.9,4.7,3.9,4.2,4.2,4.2,5.1,6,6.3,7,7.5,8.2,8.8,9.8,11,11,10,11,9.7,8.7,8.9,7.6,7.4,5.5,4.4,0.63,1.1,0.69,0.61,2.1,-1.5,-2.2,-3.1,-3.8,-2,-1.1,-0.81,-0.059,1,-2.4,-7.3,-6.6,-2.8,-2.3,-1.7,-1.2,-1.2,-2.9,-4.5,-3.4,-1.9,-1.4,0.6,1.7,2.1,2.2,2.5,3.3,3.7,1.5,5.5,5.8,6,5.2,5.7,6.6,6,4
-2.8,-1.1,-0.85,-2,-1.8,-0.7,0.28,-0.9,-1.4,-0.52,-1.4,1.1,1.4e-05,-3.3,-1.9,-0.62,1.3,1.5,3.7,3.2,2.6,3.6,3.6,4.5,4.9,4.8,5.5,6.6,3.7,7,7.4,8.4,9.3,10,11,11,11,11,9.1,8.8,7.7,7.2,7.2,7.5,5.4,2.7,-0.29,-0.52,-0.41,0.75,1.3,-1.4,-3.6,-2.9,-4.6,-2.6,-1.1,-1.7,-0.73,0.043,1.5,2.2,2.8,1.8,1.5,-0.37,-1.1,-6.7,-6.3,-5.2,-3.3,-1.7,-0.51,1.6,2.5,3,3.6,5.3,5.2,6.3,6.4,6.7,6,5.7,5,4.4,4,4.6
-4,-2.7,-0.84,-2.3,0.34,-0.85,-0.74,-0.86,0.038,0.098,-0.34,-1.2,-2.4,-4.1,-3.2,-1.3,0.95,1.1,2.9,3.3,3.4,3.3,4.2,4.6,5.1,5.4,-0.044,6.1,6.5,3.8,8,8.9,9.7,10,10,11,10,9.8,10,9.9,8.6,5.3,6,3.6,4.1,7.1,1.2,-2,-1.5,-1.3,-0.91,-0.42,-0.97,-2,-2.7,-4,-4.2,-2.9,-2.1,-0.23,-0.83,2,3.6,2.1,1,0.7,-8.1,-7.1,-6.9,-5.9,-3.9,-2.3,-1.1,1.6,2.6,4.9,5.9,7.5,7.6,7.5,8.1,7.9,7.6,6.7,6.5,4.8,3.3,3.1
-4.8,-3.7,-1.7,-0.8,-0.73,-0.54,-0.35,-0.53,-0.45,0.24,-0.42,-3,-3.5,-4.7,-4.4,-2.9,-0.98,0.56,1,2,2.1,3.1,1.8,4.7,5,6.2,5.9,6.2,7.2,7.6,8.2,9.2,9.7,10,11,11,10,10,10,10,9.2,6.6,4.8,3.6,3.6,2.7,4.4,4.6,-1.5,-3,-1.4,-1.4,-1.7,-1.5,-2.6,-3.1,-1.7,-2.5,-1.7,-1.1,-1.6,-0.28,2.2,3.6,1.2,-4.4,-8.5,-7,-6.3,-5.5,-3.9,-2.7,0.78,2.9,3.2,5.4,6.8,4,8,8.6,8.2,8,8.5,7.3,6.2,5.4,2.2,0.46
-4.9,-5,-3.6,-2,-0.4,0.011,-0.083,-0.64,-2.6,-3,-3.5,-2.1,-4.5,-5,-4.2,-3.8,-1.9,-0.16,0.44,2,0.75,0.64,4.8,4.6,5.1,5.9,6.2,6.7,7.2,8,8.6,8.7,10,11,11,10,10,10,11,11,12,7.5,3.3,2.8,2.6,2.1,2.2,1.3,0.89,-2.3,-3.7,-3.9,-2.3,-2.1,-2.6,-1.8,-2.6,-2.4,-1.5,-2.5,-0.27,0.32,1.6,2.4,-2.1,-8,-8.1,-7.6,-7.1,-5.5,-3.8,-1.6,1.2,3.4,4,5.3,1.5,7.8,8,9,8.8,8.9,8.8,8.6,6.3,4.8,2.2,0.49
-4.9,-5.9,-4,-3.4,-1.5,-0.4,-0.58,0.51,-0.59,-2,-2.9,-3.2,-4.4,-4.7,-2.7,-1.7,-1.3,-1,1.6,1.2,-0.22,4.2,3.7,3.6,5.6,5.9,6.9,7.2,7.5,7.7,8.1,8.7,9.8,11,11,11,10,10,10,11,11,9.9,6.9,2.2,0.7,1.3,0.87,0.1,-0.9,-1.1,-2.2,-3.2,-5.3,-3.1,-2.9,-2.8,-3.1,-2.5,-2.6,-2,-2.5,-2.6,0.65,0.82,-6.2,-8.3,-8.2,-7.6,-6.7,-5.2,-3.3,-2,0.47,2.3,4,0.7,-0.041,8,8.4,9.1,9.5,10,9.4,8.8,7.8,4.9,3.7,0.74
-1.4,-1.9,-4.4,-3.9,-3.2,-2.1,-1.5,-1.7,-0.86,-3.9,-4.4,-4.6,-4.6,-3.7,-1.1,-0.65,1.1,-0.75,0.22,2.8,4.2,4.9,4.9,4.2,5.6,5.9,5.7,6.5,7,7.2,7.3,8.2,9.6,10,9.8,11,11,11,10,10,11,10,9,6.9,3.8,0.95,-0.43,-1.5,-1.6,-2.4,-3.5,-3.6,-6.1,-7.1,-5.2,-3.9,-3,-3.9,-3.1,-1.6,-1.8,-3.6,-1.4,-3.7,-8.9,-8.5,-8.4,-7,-6.4,-5,-3.7,-1.5,0.88,3.2,3.8,5.7,2.6,7.7,8.8,9.5,9.9,11,12,9.1,9.5,6.4,4.3,2.5
-0.98,-2.1,-2,-5.4,-4.9,-4.8,-3.9,-2.8,-1.9,-2.1,-3,-4.9,-3.6,-0.72,-1.3,-0.17,0.37,0.38,2,1.7,3.7,5.6,5.3,5.4,5.7,5.5,5.8,6.1,6.7,6.4,8,8,8.9,9,9.6,11,11,11,11,11,11,9.9,9.5,8.6,7.1,4.7,2.8,0.63,-2.3,-4.1,-4.2,-4.3,-5.5,-6.8,-7,-5.6,-4.5,-4.2,-5,-2.8,-3,-2.9,-3.2,-9.2,-10,-9,-7.9,-7.5,-7.2,-5.1,-2.5,-1.1,1.4,2.3,4,5.8,7.1,8.5,9,4.7,11,11,12,9.6,9.2,6.6,4.7,2.3
-1.4,-0.71,-2.7,-3.2,-6.7,-6.5,-5.4,-3.6,-0.54,-1.3,-5,-5.3,-4.2,-3.7,-1.6,-0.61,0.7,2,2.4,3.2,4.1,4.2,5.3,5.4,4.7,4.2,5.7,5.3,5.9,5.8,6.2,6.7,7.8,8.7,9.2,10,10,11,11,12,11,10,9,8.5,8.1,6,4.4,1.8,-0.82,-3.2,-6.2,-6.7,-6.6,-6.6,-8.9,-8,-6.4,-5.3,-3.1,-4.5,-3.9,-3.1,-6.6,-11,-11,-10,-9.3,-8.6,-7.4,-5.5,-2.1,-0.9,0.32,2.4,4.2,5.8,7.4,8.3,5,9.2,10,11,13,5.6,11,9.4,4.9,2.8
0.49,0.66,-1.2,-4.9,-6.4,-6.4,-6.9,-4.2,-1.3,-1.9,-3.4,-3.8,-3,-4.3,-3.4,0.23,0.56,1.8,2.7,3,3.6,4.1,4.9,4.9,5.1,5.1,4.6,4.8,5.4,5.1,5.6,5.5,6.9,6.4,7.2,7.9,9.3,9.8,11,12,12,11,9.8,9.2,8.1,6.9,5.2,2,-1.7,-3.4,-5.3,-7.2,-8.6,-8,-9.5,-10,-8.9,-6.4,-5.3,-5.2,-6.1,-6,-9.1,-11,-11,-11,-9.9,-8.7,-7.4,-5.2,-2.7,-1.6,-0.72,2.6,3.9,6.2,7.2,8.4,9,9.3,10,-0.14,12,13,11,10,5.7,-0.38
0.71,-1.1,0.86,-1.4,-6.6,-6.9,-7.4,-5.3,-4.6,-2.4,-2.1,-2.8,-2.9,-3.1,-2.9,-0.57,1.2,1.8,2.1,2.4,2.8,3,4,3.5,3.8,3.9,5.3,4.7,5.4,4.8,5.5,5.3,4.6,5,4.7,4.8,6.8,8.3,10,12,12,11,11,11,10,8,6.2,3.5,-2.1,-5.4,-7,-8.2,-9.4,-9.5,-9.7,-10,-10,-8.1,-7.4,-7.4,-7.2,-9.7,-11,-12,-11,-10,-9.6,-8.8,-7.6,-5.7,-3.9,-1.7,-0.033,1.6,4.8,5.4,3.8,7.7,8.1,8.5,9.2,11,12,12,12,12,7.2,4.9
-1.8,-0.16,-1.2,-0.31,-6.5,-7.4,-8.3,-7.1,-7,-5.8,-5.6,-3.6,-3.7,-2.7,-1.3,-1.2,0.22,1.3,1.9,2.8,2.1,2.3,3,2.8,4,4.3,4.9,4,4.3,4.7,5.3,6.8,6.1,6.3,5.5,5.7,6.4,5.5,8.4,11,12,12,12,12,11,10,8.8,6.2,0.57,-5.5,-8.7,-10,-11,-11,-11,-11,-11,-8.8,-9.2,-8.5,-8.9,-12,-12,-12,-12,-10,-9.1,-8.6,-7.5,-6.8,-4.9,-2,0.77,0.016,4.5,2.2,6.1,6.9,7.9,8.3,3.1,9.3,10,11,11,12,11,7.3
-0.0046,-0.6,-0.38,-1.4,-3.8,-2.6,-6.9,-7.1,-7.2,-6.6,-5.8,-4.5,-5,-3.8,-2.6,-1.4,-0.53,0.98,2,3.2,3.6,2.5,3.1,3.2,3.9,4.4,4.4,4.3,5.6,5.4,5.4,5.7,6.1,6.3,6.4,6.5,6.6,5.6,7,10,12,13,13,13,13,12,11,8.3,2.3,-1.7,-7.2,-12,-13,-12,-12,-13,-11,-10,-9.9,-9.4,-11,-13,-14,-13,-12,-11,-9.6,-8.6,-8.5,-7.8,-4.7,-2.5,1.1,2.7,1.7,3.7,5.9,6.5,6.7,4.1,8,8.5,8.3,1.6,9.9,9.5,10,9.2
-1.3,-0.65,-0.29,-0.19,0.71,-3.9,-2.6,-0.67,-6.9,-7.4,-5.5,-5.6,-5.8,-3,-1.9,-1.7,-1.7,-0.14,1.6,2.1,2.4,2.3,2.9,3.9,3,3.4,3.9,4.9,6.1,5.8,5.4,5.4,6.3,6,6.9,6.7,6.5,6.2,6.4,8.1,11,13,14,14,14,14,13,11,5,-0.18,-5.9,-11,-14,-14,-14,-13,-13,-11,-11,-11,-12,-14,-14,-13,-11,-10,-10,-9.7,-8.9,-6.8,-5,-2.3,-0.18,1,4.1,4.9,6.3,6.3,7,3,7.2,8.2,8.5,9.2,8.9,8.4,7.6,8.1
-3.1,-1.8,-2.3,-0.49,0.74,-0.26,-2.9,-2.4,-0.13,-5.4,-5.1,-5.2,-4.2,-2.2,-1.2,-1.5,-1.4,-1.6,-0.89,0.95,2.5,0.89,2.3,3.2,3.1,2.7,3.2,4.3,6.2,7.6,6.6,7.7,8,7.9,7.5,7.9,6.7,7.3,7.6,8.6,8.8,12,14,15,15,15,15,14,9.2,2.3,-7.2,-10,-13,-14,-15,-14,-13,-12,-11,-11,-14,-14,-14,-13,-12,-11,-11,-10,-9.2,-7.4,-4.9,-2.9,-0.55,0.34,0.7,4.3,4.5,6.7,2.4,7.1,2.1,8.5,9.1,8.5,9.5,0.4,0.57,6.2
-3.1,-2.5,-2.9,-2.2,-1.4,-0.67,-2.6,-2,-2.3,-0.9,-1.9,-4,-2.9,-2.5,-1.8,-1.7,-1.4,-1.7,-1.6,-0.27,1.7,3.1,3.8,3.5,3.3,2.5,2.1,3.1,4.6,5.7,6,7.1,8.1,8.6,10,10,9.9,9.5,9.7,9.6,8.9,11,12,15,15,16,16,16,13,3.7,-4.2,-8.9,-11,-14,-15,-14,-14,-13,-12,-14,-15,-15,-14,-13,-12,-12,-11,-10,-8.8,-7,-5.4,-3.7,-1.5,0.086,1.8,4.2,4.8,6,6.7,4.4,8.1,8.4,9.2,9.2,10,9.7,-0.4,5.7
-3.4,-3.7,-2.5,-2.9,-2.5,-2.8,-2.9,-2.3,-3.2,-2.3,-0.93,-2.3,-1.5,-1.3,-1.7,-2.3,-2,-0.78,-0.75,0.021,1.6,3.5,4.4,4.9,4.2,2.4,1.5,1.8,4.3,4.6,5.2,6.2,7,8.2,9.3,9.8,11,11,11,11,11,11,12,14,16,17,17,16,14,5.9,-1.6,-6.7,-9.3,-12,-14,-14,-14,-13,-13,-15,-16,-15,-14,-13,-12,-12,-11,-11,-9.2,-7,-5.8,-4.6,-2.7,-1.6,0.77,0.67,3.8,4.3,2.8,6.9,7.7,9.3,9.5,-0.084,9.4,8.7,2.7,6.5
-1.5,-2.2,-2.7,-1.4,-1.7,-2.8,-3.1,-1.8,-1.3,-0.45,-2.4,-2.2,-1.5,-2,-2,-2.1,-2.4,-1.6,-0.76,-0.32,0.96,1.4,3.3,4.3,4.5,3.7,3.8,2.5,3.6,3.6,3.8,5.1,4.4,6.8,8.7,8.7,10,11,11,11,12,11,12,12,15,16,16,15,14,7.9,1.4,-3.3,-7.9,-10,-12,-13,-13,-13,-14,-15,-16,-14,-14,-13,-12,-12,-11,-10,-8.4,-7.3,-5.8,-4.9,-3.2,-2.3,-1.7,-0.14,3.1,4.1,5.3,1,7.5,8.9,9.7,9.7,10,8.1,7.2,6.8
0.063,0.1,-1.3,-1.5,-2,-1.6,-1.2,-1.5,-1.3,0.12,-0.31,-0.56,-0.8,-0.41,-3.2,-2.3,-2.3,-1.1,-0.93,-1.1,-0.8,-0.13,0.61,0.73,2.2,2.8,2.6,3.3,2.2,2.8,3.9,4.1,3.8,4.1,6.8,8.6,9.7,10,11,9.7,11,10,10,10,12,15,15,15,14,10,3.7,-1.4,-6,-9.3,-11,-12,-12,-13,-15,-15,-15,-14,-14,-13,-13,-12,-11,-9.9,-8.4,-6.6,-5.8,-6.1,-4.4,-4,-1.7,-0.51,1.6,3.1,4.1,4.3,6.2,3.1,8.1,9.2,8.3,7.2,6.7,5.6
-3.9,-1.4,-2.9,-2.7,-3.4,-3.4,-2.9,-2.6,-2.5,-2.2,-1.6,-1.8,-1.3,-2.2,-2.2,-2.7,-2.2,-2,-1.2,-0.64,-0.14,0.73,0.99,1.4,0.88,1.1,2.3,2.4,3.5,4.2,2.2,4.7,2.8,4.4,6.5,7.7,8.7,10,9.8,10,8.8,8.4,7.8,7.5,8.8,11,13,13,13,4.8,5.2,1.6,-3.1,-7.5,-9.7,-11,-13,-14,-14,-15,-15,-14,-14,-14,-13,-12,-11,-9.5,-7.8,-6.4,-5.8,-6,-4.8,-3.9,-2.8,-1.2,0.62,2.5,2.7,3.5,4.8,6.1,2.9,6.8,7.5,6.8,6.9,6.5
-3.7,-3.5,-4.3,-4.1,-3.9,-3.6,-4.2,-3.6,-3.5,-3.2,-2.7,-2.6,-2.9,-3.2,-3.3,-2.6,-2.6,-2.3,-2.1,-1.3,-0.91,-0.19,0.014,0.58,2,2,2.5,1.2,1.1,1.4,2.4,2.9,1.3,1.4,5.6,7.6,9.6,10,9.9,9.9,9,9.8,8.8,7.3,6.2,7.8,10,12,11,11,5.1,0.83,-2.4,-6.5,-9.4,-11,-12,-13,-13,-14,-14,-13,-12,-12,-11,-11,-10,-9.2,-8,-6.9,-6.4,-5.3,-5.5,-4.9,-3.8,-2.4,-0.82,2,2,2.4,3.4,4.6,4.6,3.8,5.5,7.3,6.6,6.8
-1.7,-2,-1.9,-4.9,-5.7,-5.2,-4.8,-4.2,-4.1,-4.6,-3.8,-3.9,-2.7,-3.6,-3.6,-4,-3.8,-2.9,-2.6,-2,-1.5,-0.96,-0.65,-0.94,0.28,0.91,0.78,0.96,0.88,1.9,0.1,-0.78,-0.77,3,5,7.3,8.8,10,10,10,10,11,8.9,7.7,6.7,3.2,5.6,8.7,7.1,6.5,-1.9,-0.17,-3.3,-5.3,-8.2,-10,-11,-12,-13,-12,-13,-12,-12,-12,-11,-11,-11,-10,-8.4,-7.1,-5.6,-4.6,-5,-3.2,-2.6,-2.6,-1.4,-0.5,0.74,2.2,0.67,3.4,2.9,3.5,2.3,4.6,6.1,6.9
-5.4,-1.3,-1.2,-0.92,-2.7,-3.6,-3.9,-4.5,-4.3,-5.2,-3.7,-4.6,-5.7,-4.3,-3.6,-4.5,-3.6,-3.4,-3.6,-2.5,-2.1,-1.9,-0.99,-1,-0.31,0.28,0.24,-0.25,-0.094,-0.98,-1.1,-1.4,-0.88,0.15,3.5,4.9,7.1,9.8,9.9,9.7,9.7,9.3,7.9,6.1,5.8,1.9,0.77,3.9,3.9,2.6,1.5,-0.56,-2.1,-3.7,-8.1,-10,-9.5,-12,-11,-12,-12,-12,-12,-12,-12,-12,-11,-9.8,-8.8,-7.9,-7,-6.9,-5.1,-3.9,-2.6,-2.2,-2.5,-1.6,0.47,0.91,0.83,0.13,2.1,2.9,1.9,2.6,4,5.8
-2.7,-3.6,2.2,-1.6,-2.5,-4.1,-3.2,-2.9,-2.1,-2,-2.8,-3.8,-5.5,-6.1,-4.8,-4.1,-3.9,-3.2,-3.8,-2.9,-2.3,-2.9,-1.9,-0.88,0.52,0.087,0.97,2.3,-1.5,-2.7,-3.7,-5.3,-3.2,-1.9,0.82,2.4,6.5,7.8,9.1,9.2,9.4,9.4,6.8,4,2.2,0.24,-2.1,-1.5,1.6,0.35,-1.8,-0.75,-3.1,-4.5,-6.2,-9,-9.1,-8.8,-10,-10,-10,-12,-12,-12,-10,-11,-10,-8.8,-8.2,-7.3,-6.4,-6.2,-5.4,-4.9,-4.2,-3.1,-2.1,-1.1,0.36,0.49,1.1,2.3,0.75,1.8,1.5,2.6,2.6,3.8
-10,-4.5,-2.1,-1.8,-3.7,-3,-2.7,-4.4,-2.2,-2.2,-1.7,-3.5,-7.1,-5.7,-6.1,-6.9,-3.9,-4,-2,-1.9,-3.4,-2.2,-1.3,-0.16,0.92,3.2,2.3,2.3,2.5,-2.9,-5.4,-6.1,-3.1,-3.5,-1.3,2.9,5.7,7.1,8,8.9,10,10,9.3,5,-2.3,-2.7,-4.9,-6.3,-4.3,-1.5,1.4,-4.5,-4.9,-5.7,-7.4,-8.6,-9.6,-9.4,-10,-10,-10,-11,-11,-9.7,-9.6,-8.8,-8.2,-8.4,-8.4,-7.9,-7.1,-5.7,-4.6,-4.3,-4.5,-4.4,-3.1,-2.6,-1.1,-0.12,0.54,1.2,2.5,0.76,0.34,-0.44,1.9,2.4
-7.9,-11,-4.4,-1.3,-5.3,-4.6,-4.4,-4.8,-3.6,-1.4,-0.31,-0.8,-2.9,-5,-7.1,-6.6,-8.2,-3.8,-4.3,-4.8,-2.3,-0.55,1,0.082,1.3,1.5,2.2,3,2.5,-3,-0.96,-6.6,-6,-5.3,-1.4,1.5,4.6,5.9,8.5,9.8,11,11,9.3,3.4,-3.1,-3,-8.3,-8.9,-7.4,-6,-3.4,-2,-3.2,-6.6,-8.3,-9.2,-10,-10,-10,-11,-11,-11,-9.4,-10,-10,-11,-10,-9.7,-8.6,-8,-7.2,-6.3,-5.4,-5,-4.7,-4.1,-4.3,-3.6,-2.1,-1.9,-1.1,-0.64,0.073,0.78,1.5,0.34,-1,-0.36
-4.8,-4.6,-11,2.4,-0.51,-5.6,-5.6,-4.1,-3,-3.1,-1.5,-3.1,1.6,-5,-4.8,-5.9,-8.3,-5.6,-2.5,-4.2,-3.5,-1.2,-2.1,0.77,3.3,4.4,2.9,1.7,0.38,-1.4,-1.4,-5.3,-6.6,-5.2,-2.3,0.98,3.1,6.3,9.2,9.4,10,11,11,0.14,-2.5,-5.9,-9.9,-9.7,-10,-8.2,-6.8,-4.9,-3,-2.9,-8.4,-8.2,-8.9,-9.4,-9.9,-10,-10,-10,-11,-10,-10,-11,-11,-11,-9.2,-7.6,-7.2,-7.4,-6.8,-6.5,-6.3,-5.9,-5,-4.3,-3.6,-4.1,-3.6,-2.2,-2.1,-0.76,0.012,0.5,0.92,0.28
-5,-4.6,-0.67,-10,-6.8,-8.3,-2.7,-5.3,-3.6,-3.8,-3.4,-3.1,-8,-6.1,-8,-11,-6,-4.9,-6.9,-7.5,-5.4,-3.5,1.1,-0.62,4,4.9,2.2,4.8,0.25,1.4,-6.4,-7.4,-0.73,-3.6,-0.35,1.3,4.6,6.6,8.5,9.4,9.8,10,10,6.1,-1.5,-6.9,-8.6,-9.4,-11,-11,-9.5,-7.9,-6.8,-5.1,-3.9,-5,-9.2,-8.9,-9.8,-9.9,-11,-11,-11,-10,-10,-11,-10,-9.4,-8.6,-8,-7.7,-7.2,-7.1,-6.8,-6.5,-6.2,-6.3,-5.6,-5.8,-5.1,-5.1,-4.1,-4.1,-3,-2.5,-1.6,-1.9,-1.2
-3.9,1.3,-6.4,-2.2,-4.3,-6,-4.1,-5.2,-7.2,-5.8,-7.2,-7.5,-5.2,-8.2,-4.3,-7.9,-6,-4.6,-9.1,-8.7,-4.9,-2.4,-0.32,-4.9,-4.3,-3.2,-0.53,0.95,4.3,-1.3,1.7,2.9,-1.3,1.1,2.7,3.9,5.6,6.5,8.2,8.8,8.5,9.1,9.7,8.5,-0.79,-4.2,-8.5,-12,-13,-12,-12,-10,-9,-7.9,-6.4,-5.5,-5.5,-4.3,-6.5,-8.3,-9.8,-10,-9.9,-9.8,-9.8,-9.9,-9.9,-9.4,-8.6,-8.2,-7.6,-7,-7.3,-7,-6.9,-7.2,-6.6,-6.8,-5.9,-6.2,-6.4,-6,-5.7,-5.1,-4.7,-4.3,-3.9,-3.5
-2.8,-1.2,-9.3,1.9,-0.2,-2.2,-4.4,-5.6,-6.6,-7.1,-7.5,-9.8,-10,null,-13,-14,-14,null,null,null,null,null,null,null,null,null,null,null,null,null,null,null,null,null,null,11,10,7.2,7,8.3,8.6,9.2,9.4,9.2,5.6,-4.6,-8.4,-12,-13,-14,-13,-13,-12,-9.8,-9.3,-8.1,-7.7,-6.8,-6.6,-6.2,-5.8,-3.4,-4.5,-5.8,-6.5,-5.9,-6.6,-6.1,-7.3,-7.2,-7.3,-6.3,-6.4,-6.5,-6.5,-6.4,-6.2,-5.9,-5.9,-6.1,-6,-5.3,-5.6,-5.8,-5.9,-5.2,-4.8,-5
null,null,null,null,null,null,null,null,null,null,null,null,null,null,null,null,null,null,null,null,null,null,null,null,null,null,null,null,null,null,null,null,null,null,null,null,null,null,null,null,null,13,null,12,3.3,-5.7,-8.1,-14,-14,-15,-15,-14,-13,-11,-10,-9.3,-8.3,-8.4,-7.5,-7.8,-7.1,-7.3,-6.6,-5.9,-6.1,-6.2,-4.8,-3.6,-1.9,-1.1,-0.98,-2.1,-2.6,-2.7,-3.1,-3.2,-3.2,-4,-4.7,-5.5,-6,-5.8,-5.6,-5.5,-4.8,-4.8,-5.4,-5.7
null,null,null,null,null,null,null,null,null,null,null,null,null,null,null,null,null,null,null,null,null,null,null,null,null,null,null,null,null,null,null,null,null,null,null,null,null,null,null,null,null,null,null,null,null,null,null,null,-13,-16,-15,-15,-13,-11,-11,-11,-10,-9.7,-8.8,-8.3,-7,-7.1,-6.3,-5.8,-6.4,-6,-3.7,-2.5,-1.7,-1,-2,-2.2,-2.7,-1.3,-1.3,-0.77,-1.1,-0.24,-1.9,-3.4,-2.8,-3.6,-4.2,-5,-5.1,-5.9,-6.2,-6.4
